./mcperf -s 100.96.1.4 -a 10.0.16.4 --noload -T 8 -C 8 -D 4 -Q 1000 -c 8 -t 5 -w 2 --scan 5000:80000:5000
#type       avg     std     min      p5     p10     p50     p67     p75     p80     p85     p90     p95     p99    p999   p9999     QPS   target
read      261.2   426.2    74.4   132.3   144.1   185.6   205.3   218.6   230.8   247.4   277.1   674.5  1523.3  7672.7  9165.6   4932.6     5000
read      307.2   424.8    74.4   127.9   149.2   215.8   246.0   264.5   279.0   301.9   364.0  1201.8  2175.5  7217.3  8104.5   9914.2    10000
read      362.1   479.1    68.9   118.7   142.1   241.6   279.4   303.6   326.2   374.3   517.6  1340.8  2249.5  7341.7  8122.0  15066.2    15000
read      383.7   471.3    74.4   118.9   139.0   257.8   301.5   332.2   363.9   432.7   819.5  1359.2  2237.3  7095.2  8110.4  20004.7    20000
read      407.2   466.2    68.9   117.4   137.8   276.3   326.6   364.3   405.5   503.5  1063.6  1372.9  2035.4  6102.1  8077.2  25100.2    25000
read      446.9   459.6    68.9   120.1   142.2   299.0   364.6   423.2   498.7   621.8  1310.6  1409.1  1968.6  3140.8  7751.4  29868.0    30000
read      512.3   511.5    68.9   125.1   152.2   333.2   429.3   526.2   614.4  1264.6  1360.4  1471.6  2021.9  5217.7  8126.7  35156.8    35000
read     1608.9  1310.8    68.9   335.0   528.9   856.6  2583.4  2681.0  2742.0  2833.3  2952.3  3399.9  7602.5  8904.5 11681.3  38898.0    40000
read     1838.3  1312.2    93.8   656.6   705.8  1368.2  2604.1  2720.5  2799.6  2892.8  2986.1  3479.7  7713.2  9645.2 14862.8  37924.2    45000
read     1850.9  1303.2    86.8   668.5   714.8  1436.7  2605.2  2729.4  2812.9  2903.2  2997.4  3508.3  7720.4  9435.8 12323.3  37625.0    50000
read     1833.6  1296.3   109.4   655.4   703.4  1388.3  2591.6  2706.2  2781.1  2886.8  2992.4  3483.4  7722.4  9047.5 11216.5  38059.6    55000
read     1828.6  1294.4   101.3   663.1   709.2  1359.0  2588.5  2708.6  2787.1  2883.0  2978.8  3477.7  7701.3  8855.3 13933.8  38118.1    60000
read     1804.1  1286.8   148.8   651.0   697.5  1288.4  2594.1  2696.0  2759.7  2865.3  2980.1  3439.8  7700.3  9174.4 12539.1  38599.8    65000
read     1843.6  1308.4   109.4   668.6   714.8  1392.0  2597.6  2725.0  2809.0  2898.7  2988.5  3497.0  7731.3  9499.3 14795.9  37848.4    70000
read     1814.0  1301.9   118.1   645.7   694.2  1296.2  2589.4  2701.1  2770.8  2878.8  2986.9  3452.0  7703.0  9647.1 13376.0  38419.6    75000
read     1801.0  1290.1   109.4   644.7   695.0  1265.3  2588.8  2696.0  2763.0  2867.3  2976.8  3439.5  7698.9  9127.7 12655.4  38708.8    80000
Warning! Detected max cpu usage > 95%
CPU Usage Stats (avg/min/max): 66.50%,0.00%,100.00%
