./mcperf -s 100.96.1.4 -a 10.0.16.4 --noload -T 8 -C 8 -D 4 -Q 1000 -c 8 -t 5 -w 2 --scan 5000:80000:5000
#type       avg     std     min      p5     p10     p50     p67     p75     p80     p85     p90     p95     p99    p999   p9999     QPS   target
read      260.5   429.6    80.4   129.4   140.3   182.9   201.7   214.8   226.2   243.0   279.9   632.6  1589.5  7533.5  8457.4   5022.4     5000
read      317.8   493.8    74.4   125.1   144.2   208.3   238.9   259.7   276.6   306.1   385.5  1280.1  2269.1  7760.2  8123.0  10028.8    10000
read      364.9   488.6    68.9   122.4   147.0   246.4   284.0   308.7   331.5   374.6   522.6  1342.9  2262.7  7404.1  8101.6  14983.0    15000
read      391.0   471.8    68.9   117.9   140.2   264.9   307.0   337.4   369.3   440.8   879.2  1367.2  2256.4  7035.5  8076.1  19913.8    20000
read      376.0   392.3    68.9   118.6   139.6   276.6   325.2   359.2   393.3   465.2   638.5  1326.9  1902.0  2563.6  7948.9  24936.0    25000
read      455.1   482.4    68.9   114.8   138.1   301.1   366.1   426.2   508.2   634.1  1318.5  1424.8  2016.5  5014.3  7996.9  29928.4    30000
read      506.6   504.1    68.9   122.5   149.2   329.6   423.6   519.7   611.4  1195.6  1360.6  1474.0  2027.1  4885.8  7878.8  34776.9    35000
read     1617.6  1314.8    68.9   342.1   540.5   863.2  2584.2  2680.7  2741.0  2832.7  2955.7  3417.3  7592.3  9244.8 12439.8  38907.8    40000
read     1817.4  1332.6   101.3   645.7   694.9   985.4  2667.3  2769.1  2846.8  2925.0  3092.2  3580.1  7687.4  8686.1 10240.8  38192.0    45000
read     1793.8  1295.0   109.4   645.5   694.5  1186.8  2588.5  2695.9  2763.0  2872.6  2988.0  3460.8  7693.6  8602.0 12151.3  38776.4    50000
read     1834.7  1312.2   109.4   663.0   709.3  1392.6  2588.3  2705.5  2781.6  2882.0  2982.3  3467.4  7726.9  9740.4 15486.6  38107.3    55000
read     1822.6  1286.5   127.6   667.2   710.9  1315.6  2602.9  2718.8  2796.6  2887.9  2979.3  3487.8  7689.7  9346.8 11583.3  38180.0    60000
read     1813.5  1293.1   101.3   653.4   700.1  1316.8  2585.2  2701.1  2774.5  2875.5  2976.4  3460.3  7718.2  9357.9 10761.2  38458.0    65000
read     1850.7  1313.4   137.8   665.2   711.1  1409.1  2612.3  2731.8  2812.8  2900.8  2988.8  3501.0  7748.4  9260.2 12632.6  37840.0    70000
read     1848.9  1303.2    93.8   677.5   719.1  1410.3  2610.2  2731.5  2812.3  2898.8  2985.2  3518.9  7720.5  9248.4 12366.8  37771.9    75000
read     1820.7  1294.9   148.8   660.1   705.2  1322.3  2597.6  2706.1  2775.5  2880.0  2984.5  3473.0  7699.0  9000.8 13107.2  38296.0    80000
Warning! Detected max cpu usage > 95%
CPU Usage Stats (avg/min/max): 65.66%,0.50%,100.00%
