Linux 6.8.0-1021-gcp (memcache-server-bzrm) 	04/24/25 	_x86_64_	(4 CPU)

12:07:54      UID       PID    %usr %system  %guest   %wait    %CPU   CPU  Command
12:07:55      110      5319    0.00    0.00    0.00    0.00    0.00     0  memcached
12:07:56      110      5319    0.00    0.00    0.00    0.00    0.00     1  memcached
12:07:57      110      5319    0.00    0.00    0.00    0.00    0.00     1  memcached
12:07:58      110      5319    0.00    0.00    0.00    0.00    0.00     1  memcached
12:07:59      110      5319    1.00    0.00    0.00    0.00    1.00     1  memcached
12:08:00      110      5319    0.00    0.00    0.00    0.00    0.00     1  memcached
12:08:01      110      5319    0.00    0.00    0.00    0.00    0.00     0  memcached
12:08:02      110      5319    0.00    0.00    0.00    0.00    0.00     0  memcached
12:08:03      110      5319    0.00    3.00    0.00    0.00    3.00     0  memcached
12:08:04      110      5319    1.00    5.00    0.00    0.00    6.00     0  memcached
12:08:05      110      5319    1.00    6.00    0.00    0.00    7.00     0  memcached
12:08:06      110      5319    2.00    5.00    0.00    0.00    7.00     0  memcached
12:08:07      110      5319    0.00    6.00    0.00    0.00    6.00     0  memcached
12:08:08      110      5319    1.00    3.00    0.00    0.00    4.00     0  memcached
12:08:09      110      5319    0.00    0.00    0.00    0.00    0.00     0  memcached
12:08:10      110      5319    1.00    8.00    0.00    0.00    9.00     0  memcached
12:08:11      110      5319    2.00    9.00    0.00    0.00   11.00     0  memcached
12:08:12      110      5319    2.00    9.00    0.00    0.00   11.00     0  memcached
12:08:13      110      5319    1.00    9.00    0.00    0.00   10.00     0  memcached
12:08:14      110      5319    2.00    9.00    0.00    0.00   11.00     0  memcached
12:08:15      110      5319    1.00    3.00    0.00    0.00    4.00     0  memcached
12:08:16      110      5319    0.00    1.00    0.00    0.00    1.00     0  memcached
12:08:17      110      5319    2.00   13.00    0.00    0.00   15.00     0  memcached
12:08:18      110      5319    3.00   13.00    0.00    0.00   16.00     0  memcached
12:08:19      110      5319    2.00   13.00    0.00    0.00   15.00     0  memcached
12:08:20      110      5319    3.00   13.00    0.00    0.00   16.00     0  memcached
12:08:21      110      5319    2.00   13.00    0.00    0.00   15.00     0  memcached
12:08:22      110      5319    0.00    0.00    0.00    0.00    0.00     0  memcached
12:08:23      110      5319    1.00    6.00    0.00    0.00    7.00     1  memcached
12:08:24      110      5319    3.00   16.00    0.00    0.00   19.00     1  memcached
12:08:25      110      5319    3.00   17.00    0.00    0.00   20.00     1  memcached
12:08:26      110      5319    3.00   16.00    0.00    0.00   19.00     1  memcached
12:08:27      110      5319    3.00   16.00    0.00    0.00   19.00     1  memcached
12:08:28      110      5319    2.00   12.00    0.00    0.00   14.00     0  memcached
12:08:29      110      5319    0.00    0.00    0.00    0.00    0.00     0  memcached
12:08:30      110      5319    2.00   12.00    0.00    0.00   14.00     0  memcached
12:08:31      110      5319    4.00   19.00    0.00    0.00   23.00     0  memcached
12:08:32      110      5319    3.00   19.00    0.00    0.00   22.00     0  memcached
12:08:33      110      5319    4.00   19.00    0.00    0.00   23.00     0  memcached
12:08:34      110      5319    3.00   19.00    0.00    0.00   22.00     0  memcached
12:08:35      110      5319    2.00    7.00    0.00    0.00    9.00     0  memcached
12:08:36      110      5319    0.00    0.00    0.00    0.00    0.00     0  memcached
12:08:37      110      5319    4.00   22.00    0.00    0.00   26.00     0  memcached
12:08:38      110      5319    4.00   23.00    0.00    0.00   27.00     0  memcached
12:08:39      110      5319    4.00   22.00    0.00    0.00   26.00     0  memcached
12:08:40      110      5319    4.00   22.00    0.00    0.00   26.00     0  memcached
12:08:41      110      5319    4.00   23.00    0.00    0.00   27.00     0  memcached
12:08:42      110      5319    1.00    2.00    0.00    0.00    3.00     0  memcached
12:08:43      110      5319    1.00    6.00    0.00    0.00    7.00     0  memcached
12:08:44      110      5319    6.00   26.00    0.00    0.00   32.00     0  memcached
12:08:45      110      5319    5.00   25.00    0.00    0.00   30.00     0  memcached
12:08:46      110      5319    4.00   26.00    0.00    0.00   30.00     0  memcached
12:08:47      110      5319    5.00   26.00    0.00    0.00   31.00     0  memcached
12:08:48      110      5319    4.00   20.00    0.00    0.00   24.00     1  memcached
12:08:49      110      5319    0.00    0.00    0.00    0.00    0.00     1  memcached
12:08:50      110      5319    3.00   16.00    0.00    0.00   19.00     1  memcached
12:08:51      110      5319    6.00   29.00    0.00    0.00   35.00     1  memcached
12:08:52      110      5319    5.00   29.00    0.00    0.00   34.00     1  memcached
12:08:53      110      5319    6.00   29.00    0.00    0.00   35.00     1  memcached
12:08:54      110      5319    5.00   29.00    0.00    0.00   34.00     1  memcached
12:08:55      110      5319    3.00   15.00    0.00    0.00   18.00     0  memcached
12:08:56      110      5319    0.00    0.00    0.00    0.00    0.00     0  memcached
12:08:57      110      5319    5.00   28.00    0.00    0.00   33.00     0  memcached
12:08:58      110      5319    6.00   33.00    0.00    0.00   39.00     0  memcached
12:08:59      110      5319    6.00   31.00    0.00    0.00   37.00     0  memcached
12:09:00      110      5319    6.00   32.00    0.00    0.00   38.00     0  memcached
12:09:01      110      5319    6.00   32.00    0.00    0.00   38.00     0  memcached
12:09:02      110      5319    1.00    6.00    0.00    0.00    7.00     0  memcached
12:09:03      110      5319    0.00    4.00    0.00    0.00    4.00     0  memcached
12:09:04      110      5319    8.00   36.00    0.00    0.00   44.00     0  memcached
12:09:05      110      5319    6.00   36.00    0.00    0.00   42.00     0  memcached
12:09:06      110      5319    7.00   36.00    0.00    0.00   43.00     0  memcached
12:09:07      110      5319    6.00   35.00    0.00    0.00   41.00     0  memcached
12:09:08      110      5319    7.00   33.00    0.00    0.00   40.00     1  memcached
12:09:09      110      5319    0.00    0.00    0.00    0.00    0.00     1  memcached
12:09:10      110      5319    2.00   16.00    0.00    0.00   18.00     1  memcached
12:09:11      110      5319    8.00   40.00    0.00    0.00   48.00     1  memcached
12:09:12      110      5319    7.00   40.00    0.00    0.00   47.00     1  memcached
12:09:13      110      5319    8.00   39.00    0.00    0.00   47.00     1  memcached
12:09:14      110      5319    7.00   40.00    0.00    0.00   47.00     1  memcached
12:09:15      110      5319    5.00   23.00    0.00    0.00   28.00     1  memcached
12:09:16      110      5319    0.00    0.00    0.00    0.00    0.00     1  memcached
12:09:17      110      5319    6.00   32.00    0.00    0.00   38.00     1  memcached
12:09:18      110      5319    8.00   43.00    0.00    0.00   51.00     1  memcached
12:09:19      110      5319    8.00   44.00    0.00    0.00   52.00     1  memcached
12:09:20      110      5319    8.00   43.00    0.00    0.00   51.00     1  memcached
12:09:21      110      5319    9.00   43.00    0.00    0.00   52.00     1  memcached
12:09:22      110      5319    2.00   14.00    0.00    0.00   16.00     1  memcached
12:09:23      110      5319    0.00    0.00    0.00    0.00    0.00     1  memcached
12:09:24      110      5319    9.00   49.00    0.00    0.00   58.00     0  memcached
12:09:25      110      5319    9.00   47.00    0.00    0.00   56.00     0  memcached
12:09:26      110      5319    9.00   47.00    0.00    0.00   56.00     0  memcached
12:09:27      110      5319    9.00   48.00    0.00    0.00   57.00     0  memcached
12:09:28      110      5319    9.00   46.00    0.00    0.00   55.00     0  memcached
12:09:29      110      5319    0.00    0.00    0.00    0.00    0.00     0  memcached
12:09:30      110      5319    3.00   16.00    0.00    0.00   19.00     1  memcached
12:09:31      110      5319   10.00   52.00    0.00    0.00   62.00     1  memcached
12:09:32      110      5319   10.00   52.00    0.00    0.00   62.00     1  memcached
12:09:33      110      5319   10.00   52.00    0.00    0.00   62.00     1  memcached
12:09:34      110      5319   11.00   52.00    0.00    0.00   63.00     1  memcached
12:09:35      110      5319    6.00   37.00    0.00    0.00   43.00     1  memcached
12:09:36      110      5319    0.00    1.00    0.00    0.00    1.00     1  memcached
12:09:37      110      5319    6.00   34.00    0.00    0.00   40.00     1  memcached
12:09:38      110      5319   11.00   55.00    0.00    0.00   66.00     1  memcached
12:09:39      110      5319   11.00   56.00    0.00    0.00   67.00     1  memcached
12:09:40      110      5319   10.00   56.00    0.00    0.00   66.00     1  memcached
12:09:41      110      5319   10.00   57.00    0.00    0.00   67.00     1  memcached
12:09:42      110      5319    5.00   26.00    0.00    0.00   31.00     1  memcached
12:09:43      110      5319    0.00    0.00    0.00    0.00    0.00     1  memcached
12:09:44      110      5319   14.00   63.00    0.00    0.00   77.00     0  memcached
12:09:45      110      5319   15.00   68.00    0.00    0.00   83.00     0  memcached
12:09:46      110      5319   12.87   64.36    0.00    0.00   77.23     0  memcached
12:09:47      110      5319   12.00   61.00    0.00    0.00   73.00     0  memcached
12:09:48      110      5319   12.00   58.00    0.00    0.00   70.00     1  memcached
12:09:49      110      5319    1.00    7.00    0.00    0.00    8.00     1  memcached
12:09:50      110      5319    2.00   13.00    0.00    0.00   15.00     1  memcached
12:09:51      110      5319   13.00   65.00    0.00    0.00   78.00     1  memcached
12:09:52      110      5319   11.00   64.00    0.00    0.00   75.00     1  memcached
12:09:53      110      5319   13.00   64.00    0.00    0.00   77.00     1  memcached
12:09:54      110      5319   12.00   64.00    0.00    0.00   76.00     1  memcached
12:09:55      110      5319   10.00   51.00    0.00    0.00   61.00     0  memcached
12:09:56      110      5319    0.00    0.00    0.00    0.00    0.00     0  memcached
12:09:57      110      5319    8.00   34.00    0.00    0.00   42.00     1  memcached
12:09:58      110      5319   15.00   68.00    0.00    0.00   83.00     1  memcached
12:09:59      110      5319   13.00   67.00    0.00    0.00   80.00     1  memcached
12:10:00      110      5319   13.00   67.00    0.00    0.00   80.00     1  memcached
12:10:01      110      5319   15.00   70.00    0.00    0.00   85.00     1  memcached
12:10:02      110      5319    7.00   37.00    0.00    0.00   44.00     1  memcached
12:10:03      110      5319    0.00    0.00    0.00    0.00    0.00     1  memcached
12:10:04      110      5319   12.00   62.00    0.00    0.00   74.00     0  memcached
12:10:05      110      5319   15.00   75.00    0.00    0.00   90.00     0  memcached
12:10:06      110      5319   16.00   77.00    0.00    0.00   93.00     0  memcached
12:10:07      110      5319   13.00   72.00    0.00    0.00   85.00     0  memcached
12:10:08      110      5319   17.00   73.00    0.00    0.00   90.00     0  memcached
12:10:09      110      5319    3.00   16.00    0.00    0.00   19.00     0  memcached
12:10:10      110      5319    1.00    6.00    0.00    0.00    7.00     1  memcached
12:10:11      110      5319   15.00   80.00    0.00    0.00   95.00     1  memcached
12:10:12      110      5319   16.00   79.00    0.00    0.00   95.00     1  memcached
12:10:13      110      5319   15.00   75.00    0.00    0.00   90.00     1  memcached
12:10:14      110      5319   16.00   78.00    0.00    0.00   94.00     1  memcached
12:10:15      110      5319   15.00   70.00    0.00    0.00   85.00     1  memcached
12:10:16      110      5319    0.00    0.00    0.00    0.00    0.00     1  memcached
12:10:17      110      5319    7.00   29.00    0.00    0.00   36.00     1  memcached
12:10:18      110      5319   18.00   80.00    0.00    0.00   98.00     1  memcached
12:10:19      110      5319   13.00   79.00    0.00    0.00   92.00     1  memcached
12:10:20      110      5319   18.00   77.00    0.00    0.00   95.00     1  memcached
12:10:21      110      5319   16.00   79.00    0.00    0.00   95.00     0  memcached
12:10:22      110      5319    9.00   50.00    0.00    0.00   59.00     0  memcached
12:10:23      110      5319    0.00    0.00    0.00    0.00    0.00     0  memcached
12:10:24      110      5319   13.00   63.00    0.00    0.00   76.00     0  memcached
12:10:25      110      5319   20.00   91.00    0.00    0.00  111.00     0  memcached
12:10:26      110      5319   18.00   85.00    0.00    0.00  103.00     0  memcached
12:10:27      110      5319   18.00   87.00    0.00    0.00  105.00     0  memcached
12:10:28      110      5319   17.00   84.00    0.00    0.00  101.00     0  memcached
12:10:29      110      5319    6.00   28.00    0.00    0.00   34.00     0  memcached
12:10:30      110      5319    0.00    1.00    0.00    0.00    1.00     0  memcached
12:10:31      110      5319   18.00   89.00    0.00    0.00  107.00     0  memcached
12:10:32      110      5319   17.00   90.00    0.00    0.00  107.00     1  memcached
12:10:33      110      5319   18.00   91.00    0.00    0.00  109.00     1  memcached
12:10:34      110      5319   19.00   88.00    0.00    0.00  107.00     1  memcached
12:10:35      110      5319   19.00   88.00    0.00    0.00  107.00     1  memcached
12:10:36      110      5319    0.00    4.00    0.00    0.00    4.00     1  memcached
12:10:37      110      5319    5.00   26.00    0.00    0.00   31.00     0  memcached
12:10:38      110      5319   16.00   98.00    0.00    0.00  114.00     1  memcached
12:10:39      110      5319   20.00  100.00    0.00    0.00  120.00     1  memcached
12:10:40      110      5319   17.00   97.00    0.00    0.00  114.00     1  memcached
12:10:41      110      5319   19.00   93.00    0.00    0.00  112.00     0  memcached
12:10:42      110      5319   15.00   69.00    0.00    0.00   84.00     0  memcached
12:10:43      110      5319    0.00    0.00    0.00    0.00    0.00     0  memcached
12:10:44      110      5319   12.00   54.00    0.00    0.00   66.00     0  memcached
12:10:45      110      5319   20.00   99.00    0.00    0.00  119.00     0  memcached
12:10:46      110      5319   21.00   99.00    0.00    0.00  120.00     0  memcached
12:10:47      110      5319   21.00  103.00    0.00    0.00  124.00     0  memcached
12:10:48      110      5319   20.00   98.00    0.00    0.00  118.00     0  memcached
12:10:49      110      5319   11.00   42.00    0.00    0.00   53.00     0  memcached
12:10:50      110      5319    0.00    0.00    0.00    0.00    0.00     0  memcached
12:10:51      110      5319   18.00   93.00    0.00    0.00  111.00     0  memcached
12:10:52      110      5319   18.00  107.00    0.00    0.00  125.00     0  memcached
12:10:53      110      5319   22.00  103.00    0.00    0.00  125.00     0  memcached
12:10:54      110      5319   20.00  105.00    0.00    0.00  125.00     1  memcached
12:10:55      110      5319   22.00  101.00    0.00    0.00  123.00     1  memcached
12:10:56      110      5319    4.00   14.00    0.00    0.00   18.00     1  memcached
12:10:57      110      5319    2.00   19.00    0.00    0.00   21.00     0  memcached
12:10:58      110      5319   19.00  113.00    0.00    0.00  132.00     0  memcached
12:10:59      110      5319   22.00  108.00    0.00    0.00  130.00     0  memcached
12:11:00      110      5319   22.00  108.00    0.00    0.00  130.00     0  memcached
12:11:01      110      5319   23.00  104.00    0.00    0.00  127.00     0  memcached
12:11:02      110      5319   17.00   92.00    0.00    0.00  109.00     1  memcached
12:11:03      110      5319    0.00    0.00    0.00    0.00    0.00     1  memcached
12:11:04      110      5319    8.00   56.00    0.00    0.00   64.00     1  memcached
12:11:05      110      5319   22.00  117.00    0.00    0.00  139.00     1  memcached
12:11:06      110      5319   21.00  113.00    0.00    0.00  134.00     1  memcached
12:11:07      110      5319   23.00  117.00    0.00    0.00  140.00     1  memcached
12:11:08      110      5319   21.00  115.00    0.00    0.00  136.00     1  memcached
12:11:09      110      5319   14.00   61.00    0.00    0.00   75.00     0  memcached
12:11:10      110      5319    0.00    0.00    0.00    0.00    0.00     0  memcached
12:11:11      110      5319   17.00   92.00    0.00    0.00  109.00     0  memcached
12:11:12      110      5319   26.00  115.00    0.00    0.00  141.00     1  memcached
12:11:13      110      5319   22.00  115.00    0.00    0.00  137.00     1  memcached
12:11:14      110      5319   23.00  114.00    0.00    0.00  137.00     0  memcached
12:11:15      110      5319   21.00  116.00    0.00    0.00  137.00     0  memcached
12:11:16      110      5319    6.00   29.00    0.00    0.00   35.00     0  memcached
12:11:17      110      5319    0.00    6.00    0.00    0.00    6.00     0  memcached
12:11:18      110      5319   20.00  123.00    0.00    1.00  143.00     0  memcached
12:11:19      110      5319   24.00  119.00    0.00    0.00  143.00     1  memcached
12:11:20      110      5319   22.00  121.00    0.00    0.00  143.00     1  memcached
12:11:21      110      5319   24.00  119.00    0.00    0.00  143.00     0  memcached
12:11:22      110      5319   22.00  113.00    0.00    0.00  135.00     1  memcached
12:11:23      110      5319    0.00    1.00    0.00    0.00    1.00     1  memcached
12:11:24      110      5319    8.00   40.00    0.00    0.00   48.00     1  memcached
12:11:25      110      5319   22.00  132.00    0.00    0.00  154.00     1  memcached
12:11:26      110      5319   24.00  125.00    0.00    0.00  149.00     0  memcached
12:11:27      110      5319   25.00  127.00    0.00    0.00  152.00     0  memcached
12:11:28      110      5319   24.00  127.00    0.00    0.00  151.00     1  memcached
12:11:29      110      5319   18.00   83.00    0.00    0.00  101.00     1  memcached
12:11:30      110      5319    0.00    0.00    0.00    0.00    0.00     1  memcached
12:11:31      110      5319   15.00   86.00    0.00    0.00  101.00     1  memcached
12:11:32      110      5319   27.00  129.00    0.00    0.00  156.00     1  memcached
12:11:33      110      5319   25.00  133.00    0.00    0.00  158.00     1  memcached
12:11:34      110      5319   24.00  134.00    0.00    0.00  158.00     1  memcached
12:11:35      110      5319   26.00  132.00    0.00    0.00  158.00     1  memcached
12:11:36      110      5319    9.00   49.00    0.00    0.00   58.00     1  memcached
12:11:37      110      5319    0.00    0.00    0.00    0.00    0.00     1  memcached
12:11:38      110      5319   22.00  125.00    0.00    0.00  147.00     1  memcached
12:11:39      110      5319   25.00  132.00    0.00    0.00  157.00     1  memcached
12:11:40      110      5319   24.00  134.00    0.00    0.00  158.00     1  memcached
12:11:41      110      5319   24.00  135.00    0.00    0.00  159.00     1  memcached
12:11:42      110      5319   22.00  135.00    0.00    0.00  157.00     0  memcached
12:11:43      110      5319    2.00    8.00    0.00    0.00   10.00     0  memcached
12:11:44      110      5319    5.00   34.00    0.00    0.00   39.00     0  memcached
12:11:45      110      5319   26.00  137.00    0.00    0.00  163.00     1  memcached
12:11:46      110      5319   28.00  138.00    0.00    0.00  166.00     1  memcached
12:11:47      110      5319   28.00  137.00    0.00    0.00  165.00     1  memcached
12:11:48      110      5319   26.00  138.00    0.00    0.00  164.00     1  memcached
12:11:49      110      5319   21.00  107.00    0.00    0.00  128.00     1  memcached
12:11:50      110      5319    0.00    0.00    0.00    0.00    0.00     1  memcached
12:11:51      110      5319   11.00   78.00    0.00    0.00   89.00     0  memcached
12:11:52      110      5319   26.00  144.00    0.00    0.00  170.00     0  memcached
12:11:53      110      5319   26.00  142.00    0.00    0.00  168.00     0  memcached
12:11:54      110      5319   26.00  144.00    0.00    0.00  170.00     0  memcached
12:11:55      110      5319   27.00  141.00    0.00    0.00  168.00     0  memcached
12:11:56      110      5319   12.00   68.00    0.00    0.00   80.00     0  memcached
12:11:57      110      5319    0.00    0.00    0.00    0.00    0.00     0  memcached
12:11:58      110      5319   18.00  128.00    0.00    0.00  146.00     0  memcached
12:11:59      110      5319   26.00  150.00    0.00    0.00  176.00     0  memcached
12:12:00      110      5319   26.00  152.00    0.00    0.00  178.00     0  memcached
12:12:01      110      5319   25.00  156.00    0.00    0.00  181.00     0  memcached
12:12:02      110      5319   26.00  154.00    0.00    0.00  180.00     0  memcached
12:12:03      110      5319    5.00   28.00    0.00    0.00   33.00     1  memcached
12:12:04      110      5319    3.00   17.00    0.00    0.00   20.00     1  memcached
12:12:05      110      5319   26.00  154.00    0.00    0.00  180.00     1  memcached
12:12:06      110      5319   27.00  155.00    0.00    0.00  182.00     1  memcached
12:12:07      110      5319   26.00  157.00    0.00    0.00  183.00     1  memcached
12:12:08      110      5319   29.00  152.00    0.00    0.00  181.00     1  memcached
12:12:09      110      5319   23.00  137.00    0.00    0.00  160.00     1  memcached
12:12:10      110      5319    0.00    0.00    0.00    0.00    0.00     1  memcached
12:12:11      110      5319   11.00   61.00    0.00    0.00   72.00     1  memcached
12:12:12      110      5319   27.00  154.00    0.00    0.00  181.00     0  memcached
12:12:13      110      5319   26.00  160.00    0.00    0.00  186.00     0  memcached
12:12:14      110      5319   25.00  159.00    0.00    0.00  184.00     0  memcached
12:12:15      110      5319   28.00  156.00    0.00    0.00  184.00     0  memcached
12:12:16      110      5319   18.00   93.00    0.00    0.00  111.00     0  memcached
12:12:17      110      5319    0.00    0.00    0.00    0.00    0.00     0  memcached
12:12:18      110      5319   14.00  112.00    0.00    0.00  126.00     0  memcached
12:12:19      110      5319   28.00  163.00    0.00    0.00  191.00     0  memcached
12:12:20      110      5319   25.00  162.00    0.00    0.00  187.00     1  memcached
12:12:21      110      5319   28.00  160.00    0.00    0.00  188.00     1  memcached
12:12:22      110      5319   28.00  162.00    0.00    0.00  190.00     1  memcached
12:12:23      110      5319    6.00   51.00    0.00    0.00   57.00     1  memcached
12:12:24      110      5319    0.00    0.00    0.00    0.00    0.00     1  memcached
12:12:25      110      5319   27.00  149.00    0.00    0.00  176.00     1  memcached
12:12:26      110      5319   28.00  166.00    0.00    1.00  194.00     1  memcached
12:12:27      110      5319   26.00  161.00    0.00    0.00  187.00     1  memcached
12:12:28      110      5319   28.00  162.00    0.00    0.00  190.00     1  memcached
12:12:29      110      5319   31.00  158.00    0.00    0.00  189.00     1  memcached
12:12:30      110      5319    0.00    0.00    0.00    0.00    0.00     1  memcached
12:12:31      110      5319    5.00   49.00    0.00    0.00   54.00     1  memcached
12:12:32      110      5319   29.00  166.00    0.00    0.00  195.00     1  memcached
12:12:33      110      5319   27.00  169.00    0.00    0.00  196.00     1  memcached
12:12:34      110      5319   25.00  169.00    0.00    0.00  194.00     1  memcached
12:12:35      110      5319   24.00  172.00    0.00    0.00  196.00     1  memcached
12:12:36      110      5319   19.00  118.00    0.00    0.00  137.00     1  memcached
12:12:37      110      5319    0.00    0.00    0.00    0.00    0.00     1  memcached
12:12:38      110      5319   16.00   89.00    0.00    0.00  105.00     1  memcached
12:12:39      110      5319   27.00  165.00    0.00    0.00  192.00     1  memcached
12:12:40      110      5319   27.00  163.00    0.00    0.00  190.00     1  memcached
12:12:41      110      5319   31.00  160.00    0.00    0.00  191.00     1  memcached
12:12:42      110      5319   31.00  161.00    0.00    0.00  192.00     1  memcached
12:12:43      110      5319   14.00   66.00    0.00    0.00   80.00     1  memcached
12:12:44      110      5319    0.00    0.00    0.00    0.00    0.00     1  memcached
12:12:45      110      5319   20.00  150.00    0.00    0.00  170.00     1  memcached
12:12:46      110      5319   23.00  175.00    0.00    0.00  198.00     1  memcached
12:12:47      110      5319   28.00  171.00    0.00    0.00  199.00     1  memcached
12:12:48      110      5319   27.00  171.00    0.00    0.00  198.00     1  memcached
12:12:49      110      5319   22.00  177.00    0.00    0.00  199.00     1  memcached
12:12:50      110      5319    3.00   20.00    0.00    0.00   23.00     1  memcached
12:12:51      110      5319    4.00   29.00    0.00    0.00   33.00     1  memcached
12:12:52      110      5319   20.00  160.00    0.00    0.00  180.00     1  memcached
12:12:53      110      5319   29.00  163.00    0.00    0.00  192.00     1  memcached
12:12:54      110      5319   27.00  162.00    0.00    0.00  189.00     1  memcached
12:12:55      110      5319   26.00  167.00    0.00    0.00  193.00     1  memcached
12:12:56      110      5319   20.00  136.00    0.00    0.00  156.00     1  memcached
12:12:57      110      5319    0.00    0.00    0.00    0.00    0.00     1  memcached
12:12:58      110      5319    0.00    0.00    0.00    0.00    0.00     1  memcached
12:12:59      110      5319    0.00    0.00    0.00    0.00    0.00     0  memcached
12:13:00      110      5319    0.00    0.00    0.00    0.00    0.00     0  memcached
12:13:01      110      5319    0.00    0.00    0.00    0.00    0.00     0  memcached
12:13:02      110      5319    0.00    0.00    0.00    0.00    0.00     0  memcached
12:13:03      110      5319    0.00    0.00    0.00    0.00    0.00     0  memcached
12:13:04      110      5319    0.00    0.00    0.00    0.00    0.00     0  memcached
12:13:05      110      5319    0.00    0.00    0.00    0.00    0.00     0  memcached
12:13:06      110      5319    0.00    0.00    0.00    0.00    0.00     0  memcached
12:13:07      110      5319    0.00    0.00    0.00    0.00    0.00     0  memcached
12:13:08      110      5319    0.00    0.00    0.00    0.00    0.00     0  memcached
12:13:09      110      5319    0.00    0.00    0.00    0.00    0.00     0  memcached
12:13:10      110      5319    0.00    0.00    0.00    0.00    0.00     0  memcached
12:13:11      110      5319    0.00    0.00    0.00    0.00    0.00     0  memcached
12:13:12      110      5319    0.00    0.00    0.00    0.00    0.00     0  memcached
12:13:13      110      5319    0.00    0.00    0.00    0.00    0.00     0  memcached
12:13:14      110      5319    0.00    0.00    0.00    0.00    0.00     0  memcached
12:13:15      110      5319    0.00    0.00    0.00    0.00    0.00     0  memcached
12:13:16      110      5319    0.00    0.00    0.00    0.00    0.00     0  memcached
12:13:17      110      5319    0.00    0.00    0.00    0.00    0.00     1  memcached
12:13:18      110      5319    0.00    0.00    0.00    0.00    0.00     1  memcached
12:13:19      110      5319    0.00    0.00    0.00    0.00    0.00     1  memcached
12:13:20      110      5319    0.00    0.00    0.00    0.00    0.00     1  memcached
12:13:21      110      5319    0.00    0.00    0.00    0.00    0.00     1  memcached
12:13:22      110      5319    0.00    0.00    0.00    0.00    0.00     1  memcached
12:13:23      110      5319    0.00    0.00    0.00    0.00    0.00     1  memcached
12:13:24      110      5319    0.00    0.00    0.00    0.00    0.00     1  memcached
12:13:25      110      5319    0.00    0.00    0.00    0.00    0.00     1  memcached
12:13:26      110      5319    0.00    0.00    0.00    0.00    0.00     1  memcached
12:13:27      110      5319    0.00    0.00    0.00    0.00    0.00     1  memcached
12:13:28      110      5319    0.00    0.00    0.00    0.00    0.00     1  memcached
12:13:29      110      5319    0.00    0.00    0.00    0.00    0.00     1  memcached
12:13:30      110      5319    0.00    0.00    0.00    0.00    0.00     1  memcached
12:13:31      110      5319    0.00    0.00    0.00    0.00    0.00     1  memcached
12:13:32      110      5319    0.00    0.00    0.00    0.00    0.00     1  memcached
12:13:33      110      5319    0.00    0.00    0.00    0.00    0.00     0  memcached
12:13:34      110      5319    0.00    0.00    0.00    0.00    0.00     0  memcached
12:13:35      110      5319    0.00    0.00    0.00    0.00    0.00     0  memcached
12:13:36      110      5319    0.00    0.00    0.00    0.00    0.00     0  memcached
12:13:37      110      5319    0.00    0.00    0.00    0.00    0.00     0  memcached
12:13:38      110      5319    0.00    0.00    0.00    0.00    0.00     0  memcached
12:13:39      110      5319    0.00    0.00    0.00    0.00    0.00     0  memcached
12:13:40      110      5319    0.00    0.00    0.00    0.00    0.00     0  memcached
12:13:41      110      5319    0.00    0.00    0.00    0.00    0.00     0  memcached
12:13:42      110      5319    0.00    0.00    0.00    0.00    0.00     0  memcached
12:13:43      110      5319    0.00    0.00    0.00    0.00    0.00     0  memcached
12:13:44      110      5319    0.00    0.00    0.00    0.00    0.00     0  memcached
12:13:45      110      5319    0.00    0.00    0.00    0.00    0.00     0  memcached
12:13:46      110      5319    0.00    0.00    0.00    0.00    0.00     0  memcached
12:13:47      110      5319    0.00    0.00    0.00    0.00    0.00     0  memcached
12:13:48      110      5319    0.00    0.00    0.00    0.00    0.00     0  memcached
12:13:49      110      5319    0.00    0.00    0.00    0.00    0.00     0  memcached
12:13:50      110      5319    0.00    0.00    0.00    0.00    0.00     0  memcached
12:13:51      110      5319    0.00    0.00    0.00    0.00    0.00     0  memcached
12:13:52      110      5319    0.00    0.00    0.00    0.00    0.00     0  memcached
12:13:53      110      5319    0.00    0.00    0.00    0.00    0.00     1  memcached
12:13:54      110      5319    0.00    0.00    0.00    0.00    0.00     1  memcached
12:13:55      110      5319    0.00    0.00    0.00    0.00    0.00     1  memcached
12:13:56      110      5319    0.00    0.00    0.00    0.00    0.00     1  memcached
12:13:57      110      5319    0.00    0.00    0.00    0.00    0.00     1  memcached
12:13:58      110      5319    0.00    0.00    0.00    0.00    0.00     1  memcached
12:13:59      110      5319    0.00    0.00    0.00    0.00    0.00     1  memcached
12:14:00      110      5319    0.00    0.00    0.00    0.00    0.00     1  memcached
12:14:01      110      5319    0.00    0.00    0.00    0.00    0.00     1  memcached
12:14:02      110      5319    0.00    0.00    0.00    0.00    0.00     1  memcached
12:14:03      110      5319    0.00    0.00    0.00    0.00    0.00     1  memcached
12:14:04      110      5319    0.00    0.00    0.00    0.00    0.00     1  memcached
12:14:05      110      5319    0.00    0.00    0.00    0.00    0.00     1  memcached
12:14:06      110      5319    0.00    0.00    0.00    0.00    0.00     1  memcached
12:14:07      110      5319    0.00    0.00    0.00    0.00    0.00     1  memcached
12:14:08      110      5319    0.00    0.00    0.00    0.00    0.00     1  memcached
12:14:09      110      5319    0.00    0.00    0.00    0.00    0.00     1  memcached
12:14:10      110      5319    0.00    0.00    0.00    0.00    0.00     1  memcached
12:14:11      110      5319    0.00    0.00    0.00    0.00    0.00     1  memcached
12:14:12      110      5319    0.00    0.00    0.00    0.00    0.00     1  memcached
12:14:13      110      5319    0.00    0.00    0.00    0.00    0.00     1  memcached
12:14:14      110      5319    0.00    0.00    0.00    0.00    0.00     1  memcached
12:14:15      110      5319    0.00    0.00    0.00    0.00    0.00     1  memcached
12:14:16      110      5319    0.00    0.00    0.00    0.00    0.00     1  memcached
12:14:17      110      5319    0.00    0.00    0.00    0.00    0.00     1  memcached
12:14:18      110      5319    0.00    0.00    0.00    0.00    0.00     1  memcached
12:14:19      110      5319    0.00    0.00    0.00    0.00    0.00     1  memcached
12:14:20      110      5319    0.00    0.00    0.00    0.00    0.00     1  memcached
12:14:21      110      5319    0.00    0.00    0.00    0.00    0.00     1  memcached
12:14:22      110      5319    0.00    0.00    0.00    0.00    0.00     1  memcached
12:14:23      110      5319    0.00    0.00    0.00    0.00    0.00     1  memcached
12:14:24      110      5319    0.00    0.00    0.00    0.00    0.00     1  memcached
12:14:25      110      5319    0.00    0.00    0.00    0.00    0.00     1  memcached
12:14:26      110      5319    0.00    0.00    0.00    0.00    0.00     1  memcached
12:14:27      110      5319    0.00    0.00    0.00    0.00    0.00     1  memcached
12:14:28      110      5319    0.00    0.00    0.00    0.00    0.00     0  memcached
12:14:29      110      5319    0.00    0.00    0.00    0.00    0.00     0  memcached
12:14:30      110      5319    0.00    0.00    0.00    0.00    0.00     1  memcached
12:14:31      110      5319    0.00    0.00    0.00    0.00    0.00     0  memcached
12:14:32      110      5319    0.00    0.00    0.00    0.00    0.00     0  memcached
12:14:33      110      5319    0.00    0.00    0.00    0.00    0.00     0  memcached
12:14:34      110      5319    0.00    0.00    0.00    0.00    0.00     0  memcached
12:14:35      110      5319    0.00    0.00    0.00    0.00    0.00     0  memcached
12:14:36      110      5319    0.00    0.00    0.00    0.00    0.00     0  memcached
12:14:37      110      5319    0.00    0.00    0.00    0.00    0.00     0  memcached
12:14:38      110      5319    0.00    0.00    0.00    0.00    0.00     0  memcached
12:14:39      110      5319    1.00    0.00    0.00    0.00    1.00     0  memcached
12:14:40      110      5319    0.00    0.00    0.00    0.00    0.00     0  memcached
12:14:41      110      5319    0.00    0.00    0.00    0.00    0.00     0  memcached
12:14:42      110      5319    0.00    0.00    0.00    0.00    0.00     0  memcached
12:14:43      110      5319    0.00    0.00    0.00    0.00    0.00     1  memcached
12:14:44      110      5319    0.00    0.00    0.00    0.00    0.00     1  memcached
12:14:45      110      5319    0.00    0.00    0.00    0.00    0.00     1  memcached
12:14:46      110      5319    0.00    0.00    0.00    0.00    0.00     1  memcached
12:14:47      110      5319    0.00    0.00    0.00    0.00    0.00     1  memcached
12:14:48      110      5319    0.00    0.00    0.00    0.00    0.00     0  memcached
12:14:49      110      5319    0.00    0.00    0.00    0.00    0.00     0  memcached
12:14:50      110      5319    0.00    0.00    0.00    0.00    0.00     0  memcached
12:14:51      110      5319    0.00    0.00    0.00    0.00    0.00     0  memcached
12:14:52      110      5319    0.00    0.00    0.00    0.00    0.00     0  memcached
12:14:53      110      5319    0.00    0.00    0.00    0.00    0.00     0  memcached
12:14:54      110      5319    0.00    0.00    0.00    0.00    0.00     0  memcached
12:14:55      110      5319    0.00    0.00    0.00    0.00    0.00     0  memcached
12:14:56      110      5319    0.00    0.00    0.00    0.00    0.00     0  memcached
12:14:57      110      5319    0.00    0.00    0.00    0.00    0.00     0  memcached
12:14:58      110      5319    0.00    0.00    0.00    0.00    0.00     0  memcached
12:14:59      110      5319    0.00    0.00    0.00    0.00    0.00     0  memcached
12:15:00      110      5319    0.00    0.00    0.00    0.00    0.00     0  memcached
12:15:01      110      5319    0.00    0.00    0.00    0.00    0.00     0  memcached
12:15:02      110      5319    0.00    0.00    0.00    0.00    0.00     0  memcached
12:15:03      110      5319    0.00    0.00    0.00    0.00    0.00     0  memcached
12:15:04      110      5319    0.00    0.00    0.00    0.00    0.00     0  memcached
12:15:05      110      5319    0.00    0.00    0.00    0.00    0.00     0  memcached
12:15:06      110      5319    0.00    0.00    0.00    0.00    0.00     0  memcached
12:15:07      110      5319    0.00    0.00    0.00    0.00    0.00     0  memcached
12:15:08      110      5319    0.00    0.00    0.00    0.00    0.00     0  memcached
12:15:09      110      5319    0.00    0.00    0.00    0.00    0.00     0  memcached
12:15:10      110      5319    0.00    0.00    0.00    0.00    0.00     0  memcached
12:15:11      110      5319    0.00    0.00    0.00    0.00    0.00     0  memcached
12:15:12      110      5319    0.00    0.00    0.00    0.00    0.00     0  memcached
12:15:13      110      5319    0.00    0.00    0.00    0.00    0.00     0  memcached
12:15:14      110      5319    0.00    0.00    0.00    0.00    0.00     0  memcached
12:15:15      110      5319    0.00    0.00    0.00    0.00    0.00     0  memcached
12:15:16      110      5319    0.00    0.00    0.00    0.00    0.00     0  memcached
12:15:17      110      5319    0.00    0.00    0.00    0.00    0.00     0  memcached
12:15:18      110      5319    0.00    0.00    0.00    0.00    0.00     0  memcached
12:15:19      110      5319    0.00    0.00    0.00    0.00    0.00     0  memcached
12:15:20      110      5319    0.00    0.00    0.00    0.00    0.00     0  memcached
12:15:21      110      5319    0.00    0.00    0.00    0.00    0.00     0  memcached
12:15:22      110      5319    0.00    0.00    0.00    0.00    0.00     0  memcached
12:15:23      110      5319    0.00    0.00    0.00    0.00    0.00     0  memcached
12:15:24      110      5319    0.00    0.00    0.00    0.00    0.00     0  memcached
12:15:25      110      5319    0.00    0.00    0.00    0.00    0.00     0  memcached
12:15:26      110      5319    0.00    0.00    0.00    0.00    0.00     0  memcached
12:15:27      110      5319    0.00    0.00    0.00    0.00    0.00     0  memcached
12:15:28      110      5319    0.00    0.00    0.00    0.00    0.00     0  memcached
12:15:29      110      5319    0.00    0.00    0.00    0.00    0.00     0  memcached
12:15:30      110      5319    0.00    0.00    0.00    0.00    0.00     0  memcached
12:15:31      110      5319    0.00    0.00    0.00    0.00    0.00     0  memcached
12:15:32      110      5319    0.00    0.00    0.00    0.00    0.00     0  memcached
12:15:33      110      5319    0.00    0.00    0.00    0.00    0.00     0  memcached
12:15:34      110      5319    0.00    0.00    0.00    0.00    0.00     0  memcached
12:15:35      110      5319    0.00    0.00    0.00    0.00    0.00     0  memcached
12:15:36      110      5319    0.00    0.00    0.00    0.00    0.00     0  memcached
12:15:37      110      5319    0.00    0.00    0.00    0.00    0.00     0  memcached
12:15:38      110      5319    0.00    0.00    0.00    0.00    0.00     0  memcached
12:15:39      110      5319    0.00    0.00    0.00    0.00    0.00     0  memcached
12:15:40      110      5319    0.00    0.00    0.00    0.00    0.00     0  memcached
12:15:41      110      5319    0.00    0.00    0.00    0.00    0.00     0  memcached
12:15:42      110      5319    0.00    0.00    0.00    0.00    0.00     0  memcached
12:15:43      110      5319    0.00    0.00    0.00    0.00    0.00     0  memcached
12:15:44      110      5319    0.00    0.00    0.00    0.00    0.00     0  memcached
12:15:45      110      5319    0.00    0.00    0.00    0.00    0.00     0  memcached
12:15:46      110      5319    0.00    0.00    0.00    0.00    0.00     0  memcached
12:15:47      110      5319    0.00    0.00    0.00    0.00    0.00     0  memcached
12:15:48      110      5319    0.00    0.00    0.00    0.00    0.00     0  memcached
12:15:49      110      5319    0.00    0.00    0.00    0.00    0.00     0  memcached
12:15:50      110      5319    0.00    0.00    0.00    0.00    0.00     0  memcached
12:15:51      110      5319    0.00    0.00    0.00    0.00    0.00     0  memcached
12:15:52      110      5319    0.00    0.00    0.00    0.00    0.00     0  memcached
12:15:53      110      5319    0.00    0.00    0.00    0.00    0.00     0  memcached
12:15:54      110      5319    0.00    0.00    0.00    0.00    0.00     0  memcached
12:15:55      110      5319    0.00    0.00    0.00    0.00    0.00     0  memcached
12:15:56      110      5319    0.00    0.00    0.00    0.00    0.00     0  memcached
12:15:57      110      5319    0.00    0.00    0.00    0.00    0.00     1  memcached
12:15:58      110      5319    0.00    0.00    0.00    0.00    0.00     1  memcached
12:15:59      110      5319    0.00    0.00    0.00    0.00    0.00     1  memcached
12:16:00      110      5319    0.00    0.00    0.00    0.00    0.00     1  memcached
12:16:01      110      5319    0.00    0.00    0.00    0.00    0.00     1  memcached
12:16:02      110      5319    0.00    0.00    0.00    0.00    0.00     1  memcached
12:16:03      110      5319    0.00    0.00    0.00    0.00    0.00     1  memcached
12:16:04      110      5319    0.00    0.00    0.00    0.00    0.00     1  memcached
12:16:05      110      5319    0.00    0.00    0.00    0.00    0.00     1  memcached
12:16:06      110      5319    0.00    0.00    0.00    0.00    0.00     1  memcached
12:16:07      110      5319    0.00    0.00    0.00    0.00    0.00     1  memcached
12:16:08      110      5319    0.00    0.00    0.00    0.00    0.00     0  memcached
12:16:09      110      5319    0.00    0.00    0.00    0.00    0.00     0  memcached
12:16:10      110      5319    0.00    0.00    0.00    0.00    0.00     0  memcached
12:16:11      110      5319    0.00    0.00    0.00    0.00    0.00     0  memcached
12:16:12      110      5319    0.00    0.00    0.00    0.00    0.00     0  memcached
12:16:13      110      5319    0.00    0.00    0.00    0.00    0.00     0  memcached
12:16:14      110      5319    0.00    0.00    0.00    0.00    0.00     0  memcached
12:16:15      110      5319    0.00    0.00    0.00    0.00    0.00     0  memcached
12:16:16      110      5319    0.00    0.00    0.00    0.00    0.00     0  memcached
12:16:17      110      5319    0.00    0.00    0.00    0.00    0.00     0  memcached
12:16:18      110      5319    0.00    0.00    0.00    0.00    0.00     0  memcached
12:16:19      110      5319    0.00    0.00    0.00    0.00    0.00     0  memcached
12:16:20      110      5319    0.00    0.00    0.00    0.00    0.00     0  memcached
12:16:21      110      5319    0.00    1.00    0.00    0.00    1.00     0  memcached
12:16:22      110      5319    0.00    0.00    0.00    0.00    0.00     0  memcached
12:16:23      110      5319    0.00    0.00    0.00    0.00    0.00     0  memcached
12:16:24      110      5319    0.00    0.00    0.00    0.00    0.00     0  memcached
12:16:25      110      5319    0.00    0.00    0.00    0.00    0.00     0  memcached
12:16:26      110      5319    0.00    0.00    0.00    0.00    0.00     0  memcached
12:16:27      110      5319    0.00    0.00    0.00    0.00    0.00     0  memcached
12:16:28      110      5319    0.00    0.00    0.00    0.00    0.00     0  memcached
12:16:29      110      5319    0.00    0.00    0.00    0.00    0.00     0  memcached
12:16:30      110      5319    0.00    0.00    0.00    0.00    0.00     0  memcached
12:16:31      110      5319    0.00    0.00    0.00    0.00    0.00     1  memcached
12:16:32      110      5319    0.00    0.00    0.00    0.00    0.00     1  memcached
12:16:33      110      5319    0.00    0.00    0.00    0.00    0.00     1  memcached
12:16:34      110      5319    0.00    0.00    0.00    0.00    0.00     1  memcached
12:16:35      110      5319    0.00    0.00    0.00    0.00    0.00     1  memcached
12:16:36      110      5319    0.00    0.00    0.00    0.00    0.00     1  memcached
12:16:37      110      5319    0.00    0.00    0.00    0.00    0.00     1  memcached
12:16:38      110      5319    0.00    0.00    0.00    0.00    0.00     1  memcached
12:16:39      110      5319    0.00    0.00    0.00    0.00    0.00     1  memcached
12:16:40      110      5319    0.00    0.00    0.00    0.00    0.00     1  memcached
12:16:41      110      5319    0.00    0.00    0.00    0.00    0.00     1  memcached
12:16:42      110      5319    0.00    0.00    0.00    0.00    0.00     1  memcached
12:16:43      110      5319    0.00    0.00    0.00    0.00    0.00     1  memcached
12:16:44      110      5319    0.00    0.00    0.00    0.00    0.00     0  memcached
12:16:45      110      5319    0.00    0.00    0.00    0.00    0.00     0  memcached
12:16:46      110      5319    0.00    0.00    0.00    0.00    0.00     0  memcached
12:16:47      110      5319    0.00    0.00    0.00    0.00    0.00     0  memcached
12:16:48      110      5319    0.00    0.00    0.00    0.00    0.00     0  memcached
12:16:49      110      5319    0.00    0.00    0.00    0.00    0.00     0  memcached
12:16:50      110      5319    0.00    0.00    0.00    0.00    0.00     0  memcached
12:16:51      110      5319    0.00    0.00    0.00    0.00    0.00     0  memcached
12:16:52      110      5319    0.00    0.00    0.00    0.00    0.00     0  memcached
12:16:53      110      5319    0.00    0.00    0.00    0.00    0.00     0  memcached
12:16:54      110      5319    0.00    0.00    0.00    0.00    0.00     0  memcached
12:16:55      110      5319    0.00    0.00    0.00    0.00    0.00     0  memcached
12:16:56      110      5319    1.00    0.00    0.00    0.00    1.00     0  memcached
12:16:57      110      5319    0.00    0.00    0.00    0.00    0.00     0  memcached
12:16:58      110      5319    0.00    0.00    0.00    0.00    0.00     0  memcached
12:16:59      110      5319    0.00    0.00    0.00    0.00    0.00     0  memcached
12:17:00      110      5319    0.00    0.00    0.00    0.00    0.00     0  memcached
12:17:01      110      5319    0.00    0.00    0.00    0.00    0.00     0  memcached
12:17:02      110      5319    0.00    0.00    0.00    0.00    0.00     0  memcached
12:17:03      110      5319    0.00    0.00    0.00    0.00    0.00     0  memcached
12:17:04      110      5319    0.00    0.00    0.00    0.00    0.00     0  memcached
12:17:05      110      5319    0.00    0.00    0.00    0.00    0.00     0  memcached
12:17:06      110      5319    0.00    0.00    0.00    0.00    0.00     0  memcached
12:17:07      110      5319    0.00    0.00    0.00    0.00    0.00     1  memcached
12:17:08      110      5319    0.00    0.00    0.00    0.00    0.00     1  memcached
12:17:09      110      5319    0.00    0.00    0.00    0.00    0.00     1  memcached
12:17:10      110      5319    0.00    0.00    0.00    0.00    0.00     1  memcached
12:17:11      110      5319    0.00    0.00    0.00    0.00    0.00     1  memcached
12:17:12      110      5319    0.00    0.00    0.00    0.00    0.00     1  memcached
12:17:13      110      5319    0.00    0.00    0.00    0.00    0.00     1  memcached
12:17:14      110      5319    0.00    0.00    0.00    0.00    0.00     1  memcached
12:17:15      110      5319    0.00    0.00    0.00    0.00    0.00     1  memcached
12:17:16      110      5319    0.00    0.00    0.00    0.00    0.00     1  memcached
12:17:17      110      5319    0.00    0.00    0.00    0.00    0.00     1  memcached
12:17:18      110      5319    0.00    0.00    0.00    0.00    0.00     1  memcached
12:17:19      110      5319    0.00    0.00    0.00    0.00    0.00     1  memcached
12:17:20      110      5319    0.00    0.00    0.00    0.00    0.00     1  memcached
12:17:21      110      5319    0.00    0.00    0.00    0.00    0.00     1  memcached
12:17:22      110      5319    0.00    0.00    0.00    0.00    0.00     1  memcached
12:17:23      110      5319    0.00    0.00    0.00    0.00    0.00     1  memcached
12:17:24      110      5319    0.00    0.00    0.00    0.00    0.00     1  memcached
12:17:25      110      5319    0.00    0.00    0.00    0.00    0.00     1  memcached
12:17:26      110      5319    0.00    0.00    0.00    0.00    0.00     1  memcached
12:17:27      110      5319    0.00    0.00    0.00    0.00    0.00     1  memcached
12:17:28      110      5319    0.00    0.00    0.00    0.00    0.00     1  memcached
12:17:29      110      5319    0.00    0.00    0.00    0.00    0.00     1  memcached
12:17:30      110      5319    0.00    0.00    0.00    0.00    0.00     1  memcached
12:17:31      110      5319    0.00    0.00    0.00    0.00    0.00     1  memcached
12:17:32      110      5319    0.00    0.00    0.00    0.00    0.00     1  memcached
12:17:33      110      5319    0.00    0.00    0.00    0.00    0.00     1  memcached
12:17:34      110      5319    0.00    0.00    0.00    0.00    0.00     1  memcached
12:17:35      110      5319    0.00    0.00    0.00    0.00    0.00     1  memcached
12:17:36      110      5319    0.00    0.00    0.00    0.00    0.00     1  memcached
12:17:37      110      5319    0.00    0.00    0.00    0.00    0.00     1  memcached
12:17:38      110      5319    0.00    0.00    0.00    0.00    0.00     1  memcached
12:17:39      110      5319    0.00    0.00    0.00    0.00    0.00     1  memcached
12:17:40      110      5319    0.00    0.00    0.00    0.00    0.00     1  memcached
12:17:41      110      5319    0.00    0.00    0.00    0.00    0.00     1  memcached
12:17:42      110      5319    0.00    0.00    0.00    0.00    0.00     1  memcached
12:17:43      110      5319    0.00    0.00    0.00    0.00    0.00     1  memcached
12:17:44      110      5319    0.00    0.00    0.00    0.00    0.00     1  memcached
12:17:45      110      5319    0.00    0.00    0.00    0.00    0.00     1  memcached
12:17:46      110      5319    0.00    0.00    0.00    0.00    0.00     1  memcached
12:17:47      110      5319    0.00    0.00    0.00    0.00    0.00     1  memcached
12:17:48      110      5319    0.00    0.00    0.00    0.00    0.00     1  memcached
12:17:49      110      5319    0.00    0.00    0.00    0.00    0.00     1  memcached
12:17:50      110      5319    0.00    0.00    0.00    0.00    0.00     1  memcached
12:17:51      110      5319    0.00    0.00    0.00    0.00    0.00     1  memcached
12:17:52      110      5319    0.00    0.00    0.00    0.00    0.00     1  memcached
12:17:53      110      5319    0.00    0.00    0.00    0.00    0.00     1  memcached
12:17:54      110      5319    0.00    0.00    0.00    0.00    0.00     1  memcached
12:17:55      110      5319    0.00    0.00    0.00    0.00    0.00     1  memcached
12:17:56      110      5319    0.00    0.00    0.00    0.00    0.00     1  memcached
12:17:57      110      5319    0.00    0.00    0.00    0.00    0.00     1  memcached
12:17:58      110      5319    0.00    0.00    0.00    0.00    0.00     1  memcached
12:17:59      110      5319    0.00    0.00    0.00    0.00    0.00     1  memcached
12:18:00      110      5319    0.00    0.00    0.00    0.00    0.00     1  memcached
12:18:01      110      5319    0.00    0.00    0.00    0.00    0.00     1  memcached
12:18:02      110      5319    0.00    0.00    0.00    0.00    0.00     1  memcached
12:18:03      110      5319    0.00    0.00    0.00    0.00    0.00     1  memcached
12:18:04      110      5319    0.00    0.00    0.00    0.00    0.00     1  memcached
12:18:05      110      5319    0.00    0.00    0.00    0.00    0.00     1  memcached
12:18:06      110      5319    0.00    0.00    0.00    0.00    0.00     1  memcached
12:18:07      110      5319    0.00    0.00    0.00    0.00    0.00     1  memcached
12:18:08      110      5319    0.00    0.00    0.00    0.00    0.00     1  memcached
12:18:09      110      5319    0.00    0.00    0.00    0.00    0.00     1  memcached
12:18:10      110      5319    0.00    0.00    0.00    0.00    0.00     1  memcached
12:18:11      110      5319    0.00    0.00    0.00    0.00    0.00     1  memcached
12:18:12      110      5319    0.00    0.00    0.00    0.00    0.00     1  memcached
12:18:13      110      5319    0.00    0.00    0.00    0.00    0.00     1  memcached
12:18:14      110      5319    0.00    0.00    0.00    0.00    0.00     1  memcached
12:18:15      110      5319    0.00    0.00    0.00    0.00    0.00     1  memcached
12:18:16      110      5319    0.00    0.00    0.00    0.00    0.00     1  memcached
12:18:17      110      5319    0.00    0.00    0.00    0.00    0.00     1  memcached
12:18:18      110      5319    0.00    0.00    0.00    0.00    0.00     1  memcached
12:18:19      110      5319    0.00    0.00    0.00    0.00    0.00     1  memcached
12:18:20      110      5319    0.00    0.00    0.00    0.00    0.00     1  memcached
12:18:21      110      5319    0.00    0.00    0.00    0.00    0.00     1  memcached
12:18:22      110      5319    0.00    0.00    0.00    0.00    0.00     1  memcached
12:18:23      110      5319    0.00    0.00    0.00    0.00    0.00     1  memcached
12:18:24      110      5319    0.00    0.00    0.00    0.00    0.00     1  memcached
12:18:25      110      5319    0.00    0.00    0.00    0.00    0.00     1  memcached
12:18:26      110      5319    0.00    0.00    0.00    0.00    0.00     1  memcached
12:18:27      110      5319    0.00    0.00    0.00    0.00    0.00     1  memcached
12:18:28      110      5319    0.00    0.00    0.00    0.00    0.00     1  memcached
12:18:29      110      5319    0.00    0.00    0.00    0.00    0.00     1  memcached
12:18:30      110      5319    0.00    0.00    0.00    0.00    0.00     1  memcached
12:18:31      110      5319    0.00    0.00    0.00    0.00    0.00     1  memcached
12:18:32      110      5319    0.00    0.00    0.00    0.00    0.00     1  memcached
12:18:33      110      5319    0.00    0.00    0.00    0.00    0.00     1  memcached
12:18:34      110      5319    0.00    0.00    0.00    0.00    0.00     1  memcached
12:18:35      110      5319    0.00    0.00    0.00    0.00    0.00     1  memcached
12:18:36      110      5319    0.00    0.00    0.00    0.00    0.00     1  memcached
12:18:37      110      5319    0.00    0.00    0.00    0.00    0.00     1  memcached
12:18:38      110      5319    0.00    0.00    0.00    0.00    0.00     1  memcached
12:18:39      110      5319    0.00    0.00    0.00    0.00    0.00     1  memcached
12:18:40      110      5319    0.00    0.00    0.00    0.00    0.00     1  memcached
12:18:41      110      5319    0.00    0.00    0.00    0.00    0.00     1  memcached
12:18:42      110      5319    0.00    0.00    0.00    0.00    0.00     1  memcached
12:18:43      110      5319    0.00    0.00    0.00    0.00    0.00     1  memcached
12:18:44      110      5319    0.00    0.00    0.00    0.00    0.00     1  memcached
12:18:45      110      5319    0.00    0.00    0.00    0.00    0.00     1  memcached
12:18:46      110      5319    0.00    0.00    0.00    0.00    0.00     0  memcached
12:18:47      110      5319    0.00    0.00    0.00    0.00    0.00     0  memcached
12:18:48      110      5319    0.00    0.00    0.00    0.00    0.00     0  memcached
12:18:49      110      5319    0.00    0.00    0.00    0.00    0.00     0  memcached
12:18:50      110      5319    0.00    0.00    0.00    0.00    0.00     0  memcached
12:18:51      110      5319    0.00    0.00    0.00    0.00    0.00     0  memcached
12:18:52      110      5319    0.00    0.00    0.00    0.00    0.00     0  memcached
12:18:53      110      5319    0.00    0.00    0.00    0.00    0.00     0  memcached
12:18:54      110      5319    0.00    0.00    0.00    0.00    0.00     0  memcached
12:18:55      110      5319    0.00    0.00    0.00    0.00    0.00     0  memcached
12:18:56      110      5319    0.00    0.00    0.00    0.00    0.00     0  memcached
12:18:57      110      5319    0.00    0.00    0.00    0.00    0.00     0  memcached
12:18:58      110      5319    0.00    0.00    0.00    0.00    0.00     0  memcached
12:18:59      110      5319    0.00    0.00    0.00    0.00    0.00     0  memcached
12:19:00      110      5319    0.00    0.00    0.00    0.00    0.00     0  memcached
12:19:01      110      5319    0.00    0.00    0.00    0.00    0.00     0  memcached
12:19:02      110      5319    0.00    0.00    0.00    0.00    0.00     1  memcached
12:19:03      110      5319    0.00    0.00    0.00    0.00    0.00     1  memcached
12:19:04      110      5319    0.00    0.00    0.00    0.00    0.00     1  memcached
12:19:05      110      5319    0.00    0.00    0.00    0.00    0.00     1  memcached
12:19:06      110      5319    0.00    0.00    0.00    0.00    0.00     1  memcached
12:19:07      110      5319    0.00    0.00    0.00    0.00    0.00     1  memcached
12:19:08      110      5319    0.00    0.00    0.00    0.00    0.00     1  memcached
12:19:09      110      5319    0.00    0.00    0.00    0.00    0.00     1  memcached
12:19:10      110      5319    0.00    0.00    0.00    0.00    0.00     1  memcached
12:19:11      110      5319    0.00    0.00    0.00    0.00    0.00     0  memcached
12:19:12      110      5319    0.00    0.00    0.00    0.00    0.00     0  memcached
12:19:13      110      5319    0.00    0.00    0.00    0.00    0.00     0  memcached
12:19:14      110      5319    0.00    0.00    0.00    0.00    0.00     0  memcached
12:19:15      110      5319    0.00    0.00    0.00    0.00    0.00     0  memcached
12:19:16      110      5319    0.00    0.00    0.00    0.00    0.00     0  memcached
12:19:17      110      5319    0.00    0.00    0.00    0.00    0.00     0  memcached
12:19:18      110      5319    1.00    0.00    0.00    0.00    1.00     0  memcached
12:19:19      110      5319    0.00    0.00    0.00    0.00    0.00     0  memcached
12:19:20      110      5319    0.00    0.00    0.00    0.00    0.00     0  memcached
12:19:21      110      5319    0.00    0.00    0.00    0.00    0.00     0  memcached
12:19:22      110      5319    0.00    0.00    0.00    0.00    0.00     0  memcached
12:19:23      110      5319    0.00    0.00    0.00    0.00    0.00     0  memcached
12:19:24      110      5319    0.00    0.00    0.00    0.00    0.00     0  memcached
12:19:25      110      5319    0.00    0.00    0.00    0.00    0.00     0  memcached
12:19:26      110      5319    0.00    0.00    0.00    0.00    0.00     0  memcached
12:19:27      110      5319    0.00    0.00    0.00    0.00    0.00     0  memcached
12:19:28      110      5319    0.00    0.00    0.00    0.00    0.00     0  memcached
12:19:29      110      5319    0.00    0.00    0.00    0.00    0.00     0  memcached
12:19:30      110      5319    0.00    0.00    0.00    0.00    0.00     0  memcached
12:19:31      110      5319    0.00    0.00    0.00    0.00    0.00     0  memcached
12:19:32      110      5319    0.00    0.00    0.00    0.00    0.00     0  memcached
12:19:33      110      5319    0.00    0.00    0.00    0.00    0.00     0  memcached
12:19:34      110      5319    0.00    0.00    0.00    0.00    0.00     1  memcached
12:19:35      110      5319    0.00    0.00    0.00    0.00    0.00     1  memcached
12:19:36      110      5319    0.00    0.00    0.00    0.00    0.00     1  memcached
12:19:37      110      5319    0.00    0.00    0.00    0.00    0.00     1  memcached
12:19:38      110      5319    0.00    0.00    0.00    0.00    0.00     1  memcached
12:19:39      110      5319    0.00    0.00    0.00    0.00    0.00     1  memcached
12:19:40      110      5319    0.00    0.00    0.00    0.00    0.00     1  memcached
12:19:41      110      5319    0.00    0.00    0.00    0.00    0.00     1  memcached
12:19:42      110      5319    0.00    0.00    0.00    0.00    0.00     1  memcached
12:19:43      110      5319    0.00    0.00    0.00    0.00    0.00     1  memcached
12:19:44      110      5319    0.00    0.00    0.00    0.00    0.00     1  memcached
12:19:45      110      5319    0.00    0.00    0.00    0.00    0.00     1  memcached
12:19:46      110      5319    0.00    0.00    0.00    0.00    0.00     1  memcached
12:19:47      110      5319    0.00    0.00    0.00    0.00    0.00     1  memcached
12:19:48      110      5319    0.00    0.00    0.00    0.00    0.00     1  memcached
12:19:49      110      5319    0.00    0.00    0.00    0.00    0.00     1  memcached
12:19:50      110      5319    0.00    0.00    0.00    0.00    0.00     1  memcached
12:19:51      110      5319    0.00    0.00    0.00    0.00    0.00     1  memcached
12:19:52      110      5319    0.00    0.00    0.00    0.00    0.00     1  memcached
12:19:53      110      5319    0.00    0.00    0.00    0.00    0.00     1  memcached
12:19:54      110      5319    0.00    0.00    0.00    0.00    0.00     1  memcached
12:19:55      110      5319    0.00    0.00    0.00    0.00    0.00     1  memcached
12:19:56      110      5319    0.00    0.00    0.00    0.00    0.00     1  memcached
12:19:57      110      5319    0.00    0.00    0.00    0.00    0.00     1  memcached
12:19:58      110      5319    0.00    0.00    0.00    0.00    0.00     1  memcached
12:19:59      110      5319    0.00    0.00    0.00    0.00    0.00     1  memcached
12:20:00      110      5319    0.00    0.00    0.00    0.00    0.00     1  memcached
12:20:01      110      5319    0.00    0.00    0.00    0.00    0.00     1  memcached
12:20:02      110      5319    0.00    0.00    0.00    0.00    0.00     1  memcached
12:20:03      110      5319    0.00    0.00    0.00    0.00    0.00     1  memcached
12:20:04      110      5319    0.00    0.00    0.00    0.00    0.00     1  memcached
12:20:05      110      5319    0.00    0.00    0.00    0.00    0.00     1  memcached
12:20:06      110      5319    0.00    0.00    0.00    0.00    0.00     1  memcached
12:20:07      110      5319    0.00    0.00    0.00    0.00    0.00     1  memcached
12:20:08      110      5319    0.00    0.00    0.00    0.00    0.00     1  memcached
12:20:09      110      5319    0.00    0.00    0.00    0.00    0.00     1  memcached
12:20:10      110      5319    0.00    0.00    0.00    0.00    0.00     1  memcached
12:20:11      110      5319    0.00    0.00    0.00    0.00    0.00     1  memcached
12:20:12      110      5319    0.00    0.00    0.00    0.00    0.00     1  memcached
12:20:13      110      5319    0.00    0.00    0.00    0.00    0.00     1  memcached
12:20:14      110      5319    0.00    0.00    0.00    0.00    0.00     1  memcached
12:20:15      110      5319    0.00    0.00    0.00    0.00    0.00     1  memcached
12:20:16      110      5319    0.00    0.00    0.00    0.00    0.00     1  memcached
12:20:17      110      5319    0.00    0.00    0.00    0.00    0.00     1  memcached
12:20:18      110      5319    0.00    0.00    0.00    0.00    0.00     1  memcached
12:20:19      110      5319    0.00    0.00    0.00    0.00    0.00     1  memcached
12:20:20      110      5319    0.00    0.00    0.00    0.00    0.00     1  memcached
12:20:21      110      5319    0.00    0.00    0.00    0.00    0.00     1  memcached
12:20:22      110      5319    0.00    0.00    0.00    0.00    0.00     1  memcached
12:20:23      110      5319    0.00    0.00    0.00    0.00    0.00     1  memcached
12:20:24      110      5319    0.00    0.00    0.00    0.00    0.00     1  memcached
12:20:25      110      5319    0.00    0.00    0.00    0.00    0.00     1  memcached
12:20:26      110      5319    0.00    0.00    0.00    0.00    0.00     1  memcached
12:20:27      110      5319    0.00    0.00    0.00    0.00    0.00     1  memcached
12:20:28      110      5319    0.00    0.00    0.00    0.00    0.00     1  memcached
12:20:29      110      5319    0.00    0.00    0.00    0.00    0.00     1  memcached
12:20:30      110      5319    0.00    0.00    0.00    0.00    0.00     1  memcached
12:20:31      110      5319    0.00    0.00    0.00    0.00    0.00     1  memcached
12:20:32      110      5319    0.00    0.00    0.00    0.00    0.00     1  memcached
12:20:33      110      5319    0.00    0.00    0.00    0.00    0.00     1  memcached
12:20:34      110      5319    0.00    0.00    0.00    0.00    0.00     1  memcached
12:20:35      110      5319    0.00    0.00    0.00    0.00    0.00     1  memcached
12:20:36      110      5319    0.00    0.00    0.00    0.00    0.00     1  memcached
12:20:37      110      5319    0.00    0.00    0.00    0.00    0.00     1  memcached
12:20:38      110      5319    0.00    0.00    0.00    0.00    0.00     1  memcached
12:20:39      110      5319    0.00    0.00    0.00    0.00    0.00     1  memcached
12:20:40      110      5319    0.00    0.00    0.00    0.00    0.00     1  memcached
12:20:41      110      5319    0.00    0.00    0.00    0.00    0.00     1  memcached
12:20:42      110      5319    0.00    0.00    0.00    0.00    0.00     1  memcached
12:20:43      110      5319    0.00    0.00    0.00    0.00    0.00     1  memcached
12:20:44      110      5319    0.00    0.00    0.00    0.00    0.00     1  memcached
12:20:45      110      5319    0.00    0.00    0.00    0.00    0.00     1  memcached
12:20:46      110      5319    0.00    0.00    0.00    0.00    0.00     1  memcached
12:20:47      110      5319    0.00    0.00    0.00    0.00    0.00     1  memcached
12:20:48      110      5319    0.00    0.00    0.00    0.00    0.00     1  memcached
12:20:49      110      5319    0.00    0.00    0.00    0.00    0.00     1  memcached
12:20:50      110      5319    0.00    0.00    0.00    0.00    0.00     1  memcached
12:20:51      110      5319    0.00    0.00    0.00    0.00    0.00     1  memcached
12:20:52      110      5319    0.00    0.00    0.00    0.00    0.00     0  memcached
12:20:53      110      5319    0.00    0.00    0.00    0.00    0.00     0  memcached
12:20:54      110      5319    0.00    0.00    0.00    0.00    0.00     0  memcached
12:20:55      110      5319    0.00    0.00    0.00    0.00    0.00     0  memcached
12:20:56      110      5319    0.00    0.00    0.00    0.00    0.00     0  memcached
12:20:57      110      5319    0.00    0.00    0.00    0.00    0.00     0  memcached
12:20:58      110      5319    0.00    0.00    0.00    0.00    0.00     0  memcached
12:20:59      110      5319    0.00    0.00    0.00    0.00    0.00     0  memcached
12:21:00      110      5319    0.00    0.00    0.00    0.00    0.00     0  memcached
12:21:01      110      5319    0.00    0.00    0.00    0.00    0.00     0  memcached
12:21:02      110      5319    0.00    0.00    0.00    0.00    0.00     0  memcached
12:21:03      110      5319    0.00    0.00    0.00    0.00    0.00     0  memcached
12:21:04      110      5319    0.00    0.00    0.00    0.00    0.00     0  memcached
12:21:05      110      5319    0.00    0.00    0.00    0.00    0.00     0  memcached
12:21:06      110      5319    0.00    0.00    0.00    0.00    0.00     0  memcached
12:21:07      110      5319    0.00    0.00    0.00    0.00    0.00     1  memcached
12:21:08      110      5319    0.00    0.00    0.00    0.00    0.00     0  memcached
12:21:09      110      5319    0.00    0.00    0.00    0.00    0.00     0  memcached
12:21:10      110      5319    1.00    0.00    0.00    0.00    1.00     0  memcached
12:21:11      110      5319    0.00    0.00    0.00    0.00    0.00     0  memcached
12:21:12      110      5319    0.00    0.00    0.00    0.00    0.00     0  memcached
12:21:13      110      5319    0.00    0.00    0.00    0.00    0.00     0  memcached
12:21:14      110      5319    0.00    0.00    0.00    0.00    0.00     0  memcached
12:21:15      110      5319    0.00    0.00    0.00    0.00    0.00     0  memcached
12:21:16      110      5319    0.00    0.00    0.00    0.00    0.00     0  memcached
12:21:17      110      5319    0.00    0.00    0.00    0.00    0.00     0  memcached
12:21:18      110      5319    0.00    1.00    0.00    0.00    1.00     0  memcached
12:21:19      110      5319    0.00    0.00    0.00    0.00    0.00     0  memcached
12:21:20      110      5319    0.00    0.00    0.00    0.00    0.00     0  memcached
12:21:21      110      5319    0.00    0.00    0.00    0.00    0.00     0  memcached
12:21:22      110      5319    0.00    0.00    0.00    0.00    0.00     0  memcached
12:21:23      110      5319    0.00    0.00    0.00    0.00    0.00     0  memcached
12:21:24      110      5319    0.00    0.00    0.00    0.00    0.00     0  memcached
12:21:25      110      5319    0.00    0.00    0.00    0.00    0.00     1  memcached
12:21:26      110      5319    0.00    0.00    0.00    0.00    0.00     1  memcached
12:21:27      110      5319    0.00    0.00    0.00    0.00    0.00     1  memcached
12:21:28      110      5319    0.00    0.00    0.00    0.00    0.00     1  memcached
12:21:29      110      5319    0.00    0.00    0.00    0.00    0.00     1  memcached
12:21:30      110      5319    0.00    0.00    0.00    0.00    0.00     1  memcached
12:21:31      110      5319    0.00    0.00    0.00    0.00    0.00     1  memcached
12:21:32      110      5319    0.00    0.00    0.00    0.00    0.00     1  memcached
12:21:33      110      5319    0.00    0.00    0.00    0.00    0.00     1  memcached
12:21:34      110      5319    0.00    0.00    0.00    0.00    0.00     0  memcached
12:21:35      110      5319    0.00    0.00    0.00    0.00    0.00     0  memcached
12:21:36      110      5319    0.00    0.00    0.00    0.00    0.00     0  memcached
12:21:37      110      5319    0.00    0.00    0.00    0.00    0.00     0  memcached
12:21:38      110      5319    0.00    0.00    0.00    0.00    0.00     0  memcached
12:21:39      110      5319    0.00    0.00    0.00    0.00    0.00     0  memcached
12:21:40      110      5319    0.00    0.00    0.00    0.00    0.00     0  memcached
12:21:41      110      5319    0.00    0.00    0.00    0.00    0.00     0  memcached
12:21:42      110      5319    0.00    0.00    0.00    0.00    0.00     0  memcached
12:21:43      110      5319    0.00    0.00    0.00    0.00    0.00     0  memcached
12:21:44      110      5319    0.00    0.00    0.00    0.00    0.00     0  memcached
12:21:45      110      5319    0.00    0.00    0.00    0.00    0.00     0  memcached
12:21:46      110      5319    0.00    0.00    0.00    0.00    0.00     0  memcached
12:21:47      110      5319    0.00    0.00    0.00    0.00    0.00     0  memcached
12:21:48      110      5319    0.00    0.00    0.00    0.00    0.00     0  memcached
12:21:49      110      5319    0.00    0.00    0.00    0.00    0.00     0  memcached
12:21:50      110      5319    0.00    0.00    0.00    0.00    0.00     0  memcached
12:21:51      110      5319    0.00    0.00    0.00    0.00    0.00     0  memcached
12:21:52      110      5319    0.00    0.00    0.00    0.00    0.00     0  memcached
12:21:53      110      5319    0.00    0.00    0.00    0.00    0.00     0  memcached
12:21:54      110      5319    0.00    0.00    0.00    0.00    0.00     0  memcached
12:21:55      110      5319    0.00    0.00    0.00    0.00    0.00     0  memcached
12:21:56      110      5319    0.00    0.00    0.00    0.00    0.00     0  memcached
12:21:57      110      5319    0.00    0.00    0.00    0.00    0.00     0  memcached
12:21:58      110      5319    0.00    0.00    0.00    0.00    0.00     0  memcached
12:21:59      110      5319    0.00    0.00    0.00    0.00    0.00     0  memcached
12:22:00      110      5319    0.00    0.00    0.00    0.00    0.00     0  memcached
12:22:01      110      5319    0.00    0.00    0.00    0.00    0.00     0  memcached
12:22:02      110      5319    0.00    0.00    0.00    0.00    0.00     0  memcached
12:22:03      110      5319    0.00    0.00    0.00    0.00    0.00     0  memcached
12:22:04      110      5319    0.00    0.00    0.00    0.00    0.00     1  memcached
12:22:05      110      5319    0.00    0.00    0.00    0.00    0.00     1  memcached
12:22:06      110      5319    0.00    0.00    0.00    0.00    0.00     1  memcached
12:22:07      110      5319    0.00    0.00    0.00    0.00    0.00     1  memcached
12:22:08      110      5319    0.00    0.00    0.00    0.00    0.00     1  memcached
12:22:09      110      5319    0.00    0.00    0.00    0.00    0.00     1  memcached
12:22:10      110      5319    0.00    0.00    0.00    0.00    0.00     1  memcached
12:22:11      110      5319    0.00    0.00    0.00    0.00    0.00     1  memcached
12:22:12      110      5319    0.00    0.00    0.00    0.00    0.00     0  memcached
12:22:13      110      5319    0.00    0.00    0.00    0.00    0.00     0  memcached
12:22:14      110      5319    0.00    0.00    0.00    0.00    0.00     0  memcached
12:22:15      110      5319    0.00    0.00    0.00    0.00    0.00     0  memcached
12:22:16      110      5319    0.00    0.00    0.00    0.00    0.00     1  memcached
12:22:17      110      5319    0.00    0.00    0.00    0.00    0.00     1  memcached
12:22:18      110      5319    0.00    0.00    0.00    0.00    0.00     1  memcached
12:22:19      110      5319    0.00    0.00    0.00    0.00    0.00     1  memcached
12:22:20      110      5319    0.00    0.00    0.00    0.00    0.00     1  memcached
12:22:21      110      5319    0.00    0.00    0.00    0.00    0.00     1  memcached
12:22:22      110      5319    0.00    0.00    0.00    0.00    0.00     1  memcached
12:22:23      110      5319    0.00    0.00    0.00    0.00    0.00     1  memcached
12:22:24      110      5319    0.00    0.00    0.00    0.00    0.00     1  memcached
12:22:25      110      5319    0.00    0.00    0.00    0.00    0.00     0  memcached
12:22:26      110      5319    0.00    0.00    0.00    0.00    0.00     0  memcached
12:22:27      110      5319    0.00    0.00    0.00    0.00    0.00     0  memcached
12:22:28      110      5319    0.00    0.00    0.00    0.00    0.00     0  memcached
12:22:29      110      5319    0.00    0.00    0.00    0.00    0.00     0  memcached
12:22:30      110      5319    0.00    0.00    0.00    0.00    0.00     0  memcached
12:22:31      110      5319    0.00    0.00    0.00    0.00    0.00     0  memcached
12:22:32      110      5319    0.00    0.00    0.00    0.00    0.00     0  memcached
12:22:33      110      5319    0.00    0.00    0.00    0.00    0.00     0  memcached
12:22:34      110      5319    0.00    0.00    0.00    0.00    0.00     0  memcached
12:22:35      110      5319    0.00    0.00    0.00    0.00    0.00     1  memcached
12:22:36      110      5319    0.00    0.00    0.00    0.00    0.00     1  memcached
12:22:37      110      5319    0.00    0.00    0.00    0.00    0.00     1  memcached
12:22:38      110      5319    0.00    0.00    0.00    0.00    0.00     1  memcached
12:22:39      110      5319    0.00    0.00    0.00    0.00    0.00     1  memcached
12:22:40      110      5319    0.00    0.00    0.00    0.00    0.00     1  memcached
12:22:41      110      5319    0.00    0.00    0.00    0.00    0.00     1  memcached
12:22:42      110      5319    0.00    0.00    0.00    0.00    0.00     1  memcached
12:22:43      110      5319    0.00    0.00    0.00    0.00    0.00     1  memcached
12:22:44      110      5319    0.00    0.00    0.00    0.00    0.00     1  memcached
12:22:45      110      5319    0.00    0.00    0.00    0.00    0.00     1  memcached
12:22:46      110      5319    0.00    0.00    0.00    0.00    0.00     0  memcached
12:22:47      110      5319    0.00    0.00    0.00    0.00    0.00     0  memcached
12:22:48      110      5319    0.00    0.00    0.00    0.00    0.00     0  memcached
12:22:49      110      5319    0.00    0.00    0.00    0.00    0.00     0  memcached
12:22:50      110      5319    0.00    0.00    0.00    0.00    0.00     0  memcached
12:22:51      110      5319    0.00    0.00    0.00    0.00    0.00     0  memcached
12:22:52      110      5319    0.00    0.00    0.00    0.00    0.00     0  memcached
12:22:53      110      5319    0.00    0.00    0.00    0.00    0.00     0  memcached
12:22:54      110      5319    0.00    0.00    0.00    0.00    0.00     0  memcached
12:22:55      110      5319    0.00    0.00    0.00    0.00    0.00     0  memcached
12:22:56      110      5319    0.00    0.00    0.00    0.00    0.00     0  memcached
12:22:57      110      5319    0.00    0.00    0.00    0.00    0.00     1  memcached
12:22:58      110      5319    0.00    0.00    0.00    0.00    0.00     1  memcached
12:22:59      110      5319    0.00    0.00    0.00    0.00    0.00     1  memcached
12:23:00      110      5319    0.00    0.00    0.00    0.00    0.00     1  memcached
12:23:01      110      5319    0.00    0.00    0.00    0.00    0.00     1  memcached
12:23:02      110      5319    0.00    0.00    0.00    0.00    0.00     1  memcached
12:23:03      110      5319    0.00    0.00    0.00    0.00    0.00     1  memcached
12:23:04      110      5319    0.00    0.00    0.00    0.00    0.00     1  memcached
12:23:05      110      5319    0.00    0.00    0.00    0.00    0.00     1  memcached
12:23:06      110      5319    0.00    0.00    0.00    0.00    0.00     0  memcached
12:23:07      110      5319    0.00    0.00    0.00    0.00    0.00     0  memcached
12:23:08      110      5319    0.00    0.00    0.00    0.00    0.00     0  memcached
12:23:09      110      5319    0.00    0.00    0.00    0.00    0.00     0  memcached
12:23:10      110      5319    0.00    0.00    0.00    0.00    0.00     0  memcached
12:23:11      110      5319    0.00    0.00    0.00    0.00    0.00     0  memcached
12:23:12      110      5319    0.00    0.00    0.00    0.00    0.00     0  memcached
12:23:13      110      5319    0.00    0.00    0.00    0.00    0.00     0  memcached
12:23:14      110      5319    0.00    0.00    0.00    0.00    0.00     0  memcached
12:23:15      110      5319    0.00    0.00    0.00    0.00    0.00     0  memcached
12:23:16      110      5319    0.00    0.00    0.00    0.00    0.00     0  memcached
12:23:17      110      5319    0.00    0.00    0.00    0.00    0.00     1  memcached
12:23:18      110      5319    0.00    0.00    0.00    0.00    0.00     1  memcached
12:23:19      110      5319    0.00    0.00    0.00    0.00    0.00     1  memcached
12:23:20      110      5319    0.00    0.00    0.00    0.00    0.00     1  memcached
12:23:21      110      5319    0.00    0.00    0.00    0.00    0.00     1  memcached
12:23:22      110      5319    0.00    0.00    0.00    0.00    0.00     1  memcached
12:23:23      110      5319    0.00    0.00    0.00    0.00    0.00     1  memcached
12:23:24      110      5319    0.00    0.00    0.00    0.00    0.00     1  memcached
12:23:25      110      5319    0.00    0.00    0.00    0.00    0.00     1  memcached
12:23:26      110      5319    0.00    0.00    0.00    0.00    0.00     1  memcached
12:23:27      110      5319    0.00    0.00    0.00    0.00    0.00     1  memcached
12:23:28      110      5319    0.00    0.00    0.00    0.00    0.00     1  memcached
12:23:29      110      5319    0.00    0.00    0.00    0.00    0.00     1  memcached
12:23:30      110      5319    0.00    0.00    0.00    0.00    0.00     1  memcached
12:23:31      110      5319    0.00    0.00    0.00    0.00    0.00     0  memcached
12:23:32      110      5319    0.00    0.00    0.00    0.00    0.00     0  memcached
12:23:33      110      5319    0.00    0.00    0.00    0.00    0.00     0  memcached
12:23:34      110      5319    0.00    0.00    0.00    0.00    0.00     0  memcached
12:23:35      110      5319    0.00    0.00    0.00    0.00    0.00     0  memcached
12:23:36      110      5319    0.00    0.00    0.00    0.00    0.00     0  memcached
12:23:37      110      5319    0.00    1.00    0.00    0.00    1.00     0  memcached
12:23:38      110      5319    0.00    0.00    0.00    0.00    0.00     0  memcached
12:23:39      110      5319    0.00    0.00    0.00    0.00    0.00     0  memcached
12:23:40      110      5319    0.00    0.00    0.00    0.00    0.00     0  memcached
12:23:41      110      5319    0.00    0.00    0.00    0.00    0.00     0  memcached
12:23:42      110      5319    0.00    0.00    0.00    0.00    0.00     0  memcached
12:23:43      110      5319    0.00    0.00    0.00    0.00    0.00     0  memcached
12:23:44      110      5319    0.00    0.00    0.00    0.00    0.00     0  memcached
12:23:45      110      5319    0.00    0.00    0.00    0.00    0.00     0  memcached
12:23:46      110      5319    0.00    0.00    0.00    0.00    0.00     0  memcached
12:23:47      110      5319    0.00    0.00    0.00    0.00    0.00     0  memcached
12:23:48      110      5319    0.00    0.00    0.00    0.00    0.00     0  memcached
12:23:49      110      5319    0.00    0.00    0.00    0.00    0.00     0  memcached
12:23:50      110      5319    0.00    0.00    0.00    0.00    0.00     0  memcached
12:23:51      110      5319    0.00    0.00    0.00    0.00    0.00     0  memcached
12:23:52      110      5319    0.00    0.00    0.00    0.00    0.00     0  memcached
12:23:53      110      5319    0.00    0.00    0.00    0.00    0.00     0  memcached
12:23:54      110      5319    0.00    0.00    0.00    0.00    0.00     0  memcached
12:23:55      110      5319    0.00    0.00    0.00    0.00    0.00     0  memcached
12:23:56      110      5319    0.00    0.00    0.00    0.00    0.00     0  memcached
12:23:57      110      5319    0.00    0.00    0.00    0.00    0.00     0  memcached
12:23:58      110      5319    0.00    0.00    0.00    0.00    0.00     0  memcached
12:23:59      110      5319    0.00    0.00    0.00    0.00    0.00     0  memcached
12:24:00      110      5319    0.00    0.00    0.00    0.00    0.00     0  memcached
12:24:01      110      5319    0.00    0.00    0.00    0.00    0.00     0  memcached
12:24:02      110      5319    0.00    0.00    0.00    0.00    0.00     0  memcached
12:24:03      110      5319    0.00    0.00    0.00    0.00    0.00     0  memcached
12:24:04      110      5319    0.00    0.00    0.00    0.00    0.00     0  memcached
12:24:05      110      5319    0.00    0.00    0.00    0.00    0.00     0  memcached
12:24:06      110      5319    1.00    0.00    0.00    0.00    1.00     0  memcached
12:24:07      110      5319    0.00    0.00    0.00    0.00    0.00     0  memcached
12:24:08      110      5319    0.00    0.00    0.00    0.00    0.00     0  memcached
12:24:09      110      5319    0.00    0.00    0.00    0.00    0.00     0  memcached
12:24:10      110      5319    0.00    0.00    0.00    0.00    0.00     0  memcached
12:24:11      110      5319    0.00    0.00    0.00    0.00    0.00     0  memcached
12:24:12      110      5319    0.00    0.00    0.00    0.00    0.00     0  memcached
12:24:13      110      5319    0.00    0.00    0.00    0.00    0.00     0  memcached
12:24:14      110      5319    0.00    0.00    0.00    0.00    0.00     0  memcached
12:24:15      110      5319    0.00    0.00    0.00    0.00    0.00     0  memcached
12:24:16      110      5319    0.00    0.00    0.00    0.00    0.00     0  memcached
12:24:17      110      5319    0.00    0.00    0.00    0.00    0.00     0  memcached
12:24:18      110      5319    0.00    0.00    0.00    0.00    0.00     0  memcached
12:24:19      110      5319    0.00    0.00    0.00    0.00    0.00     0  memcached
12:24:20      110      5319    0.00    0.00    0.00    0.00    0.00     0  memcached
12:24:21      110      5319    0.00    0.00    0.00    0.00    0.00     0  memcached
12:24:22      110      5319    0.00    0.00    0.00    0.00    0.00     0  memcached
12:24:23      110      5319    0.00    0.00    0.00    0.00    0.00     0  memcached
12:24:24      110      5319    0.00    0.00    0.00    0.00    0.00     0  memcached
12:24:25      110      5319    0.00    0.00    0.00    0.00    0.00     0  memcached
12:24:26      110      5319    0.00    0.00    0.00    0.00    0.00     0  memcached
12:24:27      110      5319    0.00    0.00    0.00    0.00    0.00     0  memcached
12:24:28      110      5319    0.00    0.00    0.00    0.00    0.00     0  memcached
12:24:29      110      5319    0.00    0.00    0.00    0.00    0.00     0  memcached
12:24:30      110      5319    0.00    0.00    0.00    0.00    0.00     0  memcached
12:24:31      110      5319    0.00    0.00    0.00    0.00    0.00     0  memcached
12:24:32      110      5319    0.00    0.00    0.00    0.00    0.00     0  memcached
12:24:33      110      5319    0.00    0.00    0.00    0.00    0.00     0  memcached
12:24:34      110      5319    0.00    0.00    0.00    0.00    0.00     0  memcached
12:24:35      110      5319    0.00    0.00    0.00    0.00    0.00     0  memcached
12:24:36      110      5319    0.00    0.00    0.00    0.00    0.00     0  memcached
12:24:37      110      5319    0.00    0.00    0.00    0.00    0.00     0  memcached
12:24:38      110      5319    0.00    0.00    0.00    0.00    0.00     0  memcached
12:24:39      110      5319    0.00    0.00    0.00    0.00    0.00     0  memcached
12:24:40      110      5319    0.00    0.00    0.00    0.00    0.00     0  memcached
12:24:41      110      5319    0.00    0.00    0.00    0.00    0.00     0  memcached
12:24:42      110      5319    0.00    0.00    0.00    0.00    0.00     0  memcached
12:24:43      110      5319    0.00    0.00    0.00    0.00    0.00     0  memcached
12:24:44      110      5319    0.00    0.00    0.00    0.00    0.00     0  memcached
12:24:45      110      5319    0.00    0.00    0.00    0.00    0.00     0  memcached
12:24:46      110      5319    0.00    0.00    0.00    0.00    0.00     0  memcached
12:24:47      110      5319    0.00    0.00    0.00    0.00    0.00     0  memcached
12:24:48      110      5319    0.00    0.00    0.00    0.00    0.00     0  memcached
12:24:49      110      5319    0.00    0.00    0.00    0.00    0.00     0  memcached
12:24:50      110      5319    0.00    0.00    0.00    0.00    0.00     0  memcached
12:24:51      110      5319    0.00    0.00    0.00    0.00    0.00     0  memcached
12:24:52      110      5319    0.00    0.00    0.00    0.00    0.00     0  memcached
12:24:53      110      5319    0.00    0.00    0.00    0.00    0.00     0  memcached
12:24:54      110      5319    0.00    0.00    0.00    0.00    0.00     0  memcached
12:24:55      110      5319    0.00    0.00    0.00    0.00    0.00     0  memcached
12:24:56      110      5319    0.00    0.00    0.00    0.00    0.00     0  memcached
12:24:57      110      5319    0.00    0.00    0.00    0.00    0.00     0  memcached
12:24:58      110      5319    0.00    0.00    0.00    0.00    0.00     0  memcached
12:24:59      110      5319    0.00    0.00    0.00    0.00    0.00     1  memcached
12:25:00      110      5319    0.00    0.00    0.00    0.00    0.00     1  memcached
12:25:01      110      5319    0.00    0.00    0.00    0.00    0.00     1  memcached
12:25:02      110      5319    0.00    0.00    0.00    0.00    0.00     1  memcached
12:25:03      110      5319    0.00    0.00    0.00    0.00    0.00     1  memcached
12:25:04      110      5319    0.00    0.00    0.00    0.00    0.00     1  memcached
12:25:05      110      5319    0.00    0.00    0.00    0.00    0.00     1  memcached
12:25:06      110      5319    0.00    0.00    0.00    0.00    0.00     1  memcached
12:25:07      110      5319    0.00    0.00    0.00    0.00    0.00     1  memcached
12:25:08      110      5319    0.00    0.00    0.00    0.00    0.00     0  memcached
12:25:09      110      5319    0.00    0.00    0.00    0.00    0.00     0  memcached
12:25:10      110      5319    0.00    0.00    0.00    0.00    0.00     0  memcached
12:25:11      110      5319    0.00    0.00    0.00    0.00    0.00     0  memcached
12:25:12      110      5319    0.00    0.00    0.00    0.00    0.00     0  memcached
12:25:13      110      5319    0.00    0.00    0.00    0.00    0.00     0  memcached
12:25:14      110      5319    0.00    0.00    0.00    0.00    0.00     0  memcached
12:25:15      110      5319    0.00    0.00    0.00    0.00    0.00     0  memcached
12:25:16      110      5319    0.00    0.00    0.00    0.00    0.00     0  memcached
12:25:17      110      5319    0.00    0.00    0.00    0.00    0.00     0  memcached
12:25:18      110      5319    0.00    0.00    0.00    0.00    0.00     0  memcached
12:25:19      110      5319    0.00    0.00    0.00    0.00    0.00     0  memcached
12:25:20      110      5319    0.00    0.00    0.00    0.00    0.00     0  memcached
12:25:21      110      5319    0.00    0.00    0.00    0.00    0.00     0  memcached
12:25:22      110      5319    0.00    0.00    0.00    0.00    0.00     0  memcached
12:25:23      110      5319    0.00    0.00    0.00    0.00    0.00     0  memcached
12:25:24      110      5319    0.00    0.00    0.00    0.00    0.00     0  memcached
12:25:25      110      5319    0.00    0.00    0.00    0.00    0.00     0  memcached
12:25:26      110      5319    0.00    0.00    0.00    0.00    0.00     0  memcached
12:25:27      110      5319    0.00    0.00    0.00    0.00    0.00     1  memcached
12:25:28      110      5319    0.00    0.00    0.00    0.00    0.00     1  memcached
12:25:29      110      5319    0.00    0.00    0.00    0.00    0.00     1  memcached
12:25:30      110      5319    0.00    0.00    0.00    0.00    0.00     1  memcached
12:25:31      110      5319    0.00    0.00    0.00    0.00    0.00     1  memcached
12:25:32      110      5319    0.00    0.00    0.00    0.00    0.00     1  memcached
12:25:33      110      5319    0.00    0.00    0.00    0.00    0.00     1  memcached
12:25:34      110      5319    0.00    0.00    0.00    0.00    0.00     1  memcached
12:25:35      110      5319    0.00    0.00    0.00    0.00    0.00     1  memcached
12:25:36      110      5319    0.00    0.00    0.00    0.00    0.00     1  memcached
12:25:37      110      5319    0.00    0.00    0.00    0.00    0.00     1  memcached
12:25:38      110      5319    0.00    0.00    0.00    0.00    0.00     1  memcached
12:25:39      110      5319    0.00    0.00    0.00    0.00    0.00     0  memcached
12:25:40      110      5319    0.00    0.00    0.00    0.00    0.00     0  memcached
12:25:41      110      5319    0.00    0.00    0.00    0.00    0.00     0  memcached
12:25:42      110      5319    0.00    0.00    0.00    0.00    0.00     0  memcached
12:25:43      110      5319    0.00    0.00    0.00    0.00    0.00     0  memcached
12:25:44      110      5319    0.00    0.00    0.00    0.00    0.00     0  memcached
12:25:45      110      5319    0.00    0.00    0.00    0.00    0.00     0  memcached
12:25:46      110      5319    0.00    0.00    0.00    0.00    0.00     0  memcached
12:25:47      110      5319    0.00    0.00    0.00    0.00    0.00     0  memcached
12:25:48      110      5319    0.00    0.00    0.00    0.00    0.00     0  memcached
12:25:49      110      5319    0.00    0.00    0.00    0.00    0.00     0  memcached
12:25:50      110      5319    0.00    1.00    0.00    0.00    1.00     0  memcached
12:25:51      110      5319    0.00    0.00    0.00    0.00    0.00     0  memcached
12:25:52      110      5319    0.00    0.00    0.00    0.00    0.00     0  memcached
12:25:53      110      5319    0.00    0.00    0.00    0.00    0.00     0  memcached
12:25:54      110      5319    0.00    0.00    0.00    0.00    0.00     0  memcached
12:25:55      110      5319    0.00    0.00    0.00    0.00    0.00     0  memcached
12:25:56      110      5319    0.00    0.00    0.00    0.00    0.00     0  memcached
12:25:57      110      5319    0.00    0.00    0.00    0.00    0.00     0  memcached
12:25:58      110      5319    0.00    0.00    0.00    0.00    0.00     0  memcached
12:25:59      110      5319    0.00    0.00    0.00    0.00    0.00     0  memcached
12:26:00      110      5319    0.00    0.00    0.00    0.00    0.00     0  memcached
12:26:01      110      5319    0.00    0.00    0.00    0.00    0.00     0  memcached
12:26:02      110      5319    0.00    0.00    0.00    0.00    0.00     0  memcached
12:26:03      110      5319    0.00    0.00    0.00    0.00    0.00     0  memcached
12:26:04      110      5319    0.00    0.00    0.00    0.00    0.00     0  memcached
12:26:05      110      5319    0.00    0.00    0.00    0.00    0.00     0  memcached
12:26:06      110      5319    0.00    0.00    0.00    0.00    0.00     0  memcached
12:26:07      110      5319    0.00    0.00    0.00    0.00    0.00     0  memcached
12:26:08      110      5319    0.00    0.00    0.00    0.00    0.00     0  memcached
12:26:09      110      5319    0.00    0.00    0.00    0.00    0.00     0  memcached
12:26:10      110      5319    0.00    0.00    0.00    0.00    0.00     0  memcached
12:26:11      110      5319    0.00    0.00    0.00    0.00    0.00     0  memcached
12:26:12      110      5319    0.00    0.00    0.00    0.00    0.00     0  memcached
12:26:13      110      5319    0.00    0.00    0.00    0.00    0.00     0  memcached
12:26:14      110      5319    0.00    0.00    0.00    0.00    0.00     0  memcached
12:26:15      110      5319    0.00    0.00    0.00    0.00    0.00     0  memcached
12:26:16      110      5319    0.00    0.00    0.00    0.00    0.00     0  memcached
12:26:17      110      5319    0.00    0.00    0.00    0.00    0.00     0  memcached
12:26:18      110      5319    0.00    0.00    0.00    0.00    0.00     0  memcached
12:26:19      110      5319    0.00    0.00    0.00    0.00    0.00     0  memcached
12:26:20      110      5319    0.00    0.00    0.00    0.00    0.00     0  memcached
12:26:21      110      5319    0.00    0.00    0.00    0.00    0.00     0  memcached
12:26:22      110      5319    0.00    0.00    0.00    0.00    0.00     0  memcached
12:26:23      110      5319    0.00    0.00    0.00    0.00    0.00     0  memcached
12:26:24      110      5319    0.00    0.00    0.00    0.00    0.00     0  memcached
12:26:25      110      5319    0.00    0.00    0.00    0.00    0.00     0  memcached
12:26:26      110      5319    0.00    0.00    0.00    0.00    0.00     0  memcached
12:26:27      110      5319    0.00    0.00    0.00    0.00    0.00     0  memcached
12:26:28      110      5319    0.00    0.00    0.00    0.00    0.00     0  memcached
12:26:29      110      5319    0.00    0.00    0.00    0.00    0.00     0  memcached
12:26:30      110      5319    0.00    0.00    0.00    0.00    0.00     0  memcached
12:26:31      110      5319    0.00    0.00    0.00    0.00    0.00     0  memcached
12:26:32      110      5319    0.00    0.00    0.00    0.00    0.00     0  memcached
12:26:33      110      5319    0.00    0.00    0.00    0.00    0.00     0  memcached
12:26:34      110      5319    0.00    0.00    0.00    0.00    0.00     0  memcached
12:26:35      110      5319    0.00    0.00    0.00    0.00    0.00     0  memcached
12:26:36      110      5319    0.00    0.00    0.00    0.00    0.00     0  memcached
12:26:37      110      5319    0.00    0.00    0.00    0.00    0.00     0  memcached
12:26:38      110      5319    0.00    0.00    0.00    0.00    0.00     0  memcached
12:26:39      110      5319    0.00    0.00    0.00    0.00    0.00     0  memcached
12:26:40      110      5319    0.00    0.00    0.00    0.00    0.00     0  memcached
12:26:41      110      5319    0.00    0.00    0.00    0.00    0.00     0  memcached
12:26:42      110      5319    0.00    0.00    0.00    0.00    0.00     0  memcached
12:26:43      110      5319    0.00    0.00    0.00    0.00    0.00     0  memcached
12:26:44      110      5319    0.00    0.00    0.00    0.00    0.00     0  memcached
12:26:45      110      5319    0.00    0.00    0.00    0.00    0.00     0  memcached
12:26:46      110      5319    0.00    0.00    0.00    0.00    0.00     0  memcached
12:26:47      110      5319    0.00    0.00    0.00    0.00    0.00     0  memcached
12:26:48      110      5319    0.00    0.00    0.00    0.00    0.00     0  memcached
12:26:49      110      5319    0.00    0.00    0.00    0.00    0.00     0  memcached
12:26:50      110      5319    0.00    0.00    0.00    0.00    0.00     0  memcached
12:26:51      110      5319    0.00    0.00    0.00    0.00    0.00     0  memcached
12:26:52      110      5319    0.00    0.00    0.00    0.00    0.00     0  memcached
12:26:53      110      5319    0.00    0.00    0.00    0.00    0.00     0  memcached
12:26:54      110      5319    0.00    0.00    0.00    0.00    0.00     0  memcached
12:26:55      110      5319    0.00    0.00    0.00    0.00    0.00     0  memcached
12:26:56      110      5319    0.00    0.00    0.00    0.00    0.00     0  memcached
12:26:57      110      5319    0.00    0.00    0.00    0.00    0.00     1  memcached
12:26:58      110      5319    0.00    0.00    0.00    0.00    0.00     1  memcached
12:26:59      110      5319    0.00    0.00    0.00    0.00    0.00     1  memcached
12:27:00      110      5319    0.00    0.00    0.00    0.00    0.00     1  memcached
12:27:01      110      5319    0.00    0.00    0.00    0.00    0.00     1  memcached

Average:      110      5319    3.14   17.20    0.00    0.00   20.34     -  memcached
