#type       avg     std     min      p5     p10     p50     p67     p75     p80     p85     p90     p95     p99    p999   p9999      QPS   target       ts_start         ts_end
read      195.2    68.5    86.8   137.9   148.3   188.7   205.4   214.9   222.0   230.8   243.0   264.8   327.0   687.9  3119.2   4943.4     5000  1745080363705  1745080368976
read      208.3   180.2    80.4   132.2   148.9   201.2   219.9   230.5   237.6   247.8   260.3   280.5   334.4   976.2 10455.3  10026.4    10000  1745080370482  1745080375718
read      205.7    81.1    74.4   122.5   138.0   202.0   224.1   235.4   245.0   255.0   270.0   293.0   351.3   726.7  3413.2  15000.0    15000  1745080377222  1745080382423
read      226.8    89.0    74.4   119.9   136.0   226.1   253.6   268.3   278.4   290.7   306.6   331.3   389.8   693.7  2733.8  19990.0    20000  1745080383927  1745080389129
read      232.0    93.3    74.4   114.4   128.7   232.3   265.1   281.7   293.3   307.3   323.5   350.1   410.3   648.7  3919.2  25094.6    25000  1745080390633  1745080395831
read      233.7    92.1    74.4   115.4   128.7   232.5   269.0   287.7   300.4   315.4   334.5   363.1   426.6   687.4  2144.4  30074.2    30000  1745080397336  1745080402535
read      235.7    86.0    74.4   115.0   127.5   234.3   275.0   295.2   309.2   324.2   343.3   371.2   431.1   566.9  1042.6  34838.2    35000  1745080404040  1745080409244
read      238.3   181.3    68.9   112.8   125.0   231.9   274.9   296.2   311.8   329.3   350.7   384.4   454.0   695.9 10769.6  40068.1    40000  1745080410748  1745080415948
read      237.4   143.1    74.4   111.9   124.2   229.9   275.3   298.3   314.6   333.1   355.8   389.8   460.9   831.2  5175.4  45097.0    45000  1745080417452  1745080422656
read      237.0    96.0    74.4   112.2   124.7   226.5   275.2   300.2   318.0   338.9   364.4   400.6   476.1   652.0  1617.8  49928.3    50000  1745080424160  1745080429361
read      246.7   166.5    74.4   112.5   125.4   232.8   286.6   314.1   333.4   355.4   382.2   421.3   500.6   686.7 10922.4  54943.0    55000  1745080430865  1745080436064
read      251.3   121.0    74.4   112.9   126.7   235.9   292.1   321.1   341.8   365.4   394.0   434.9   519.9   841.7  2942.0  59896.8    60000  1745080437568  1745080442767
read      249.6   186.4    68.9   113.6   127.9   233.5   285.1   313.1   333.7   357.6   386.8   429.0   511.4   854.4 11396.7  64822.8    65000  1745080444270  1745080449471
read      249.0   131.8    68.9   112.5   126.8   233.2   286.2   315.8   337.0   361.6   391.8   435.1   522.5   708.3  2036.8  70003.0    70000  1745080450975  1745080456174
read      255.1   117.1    74.4   116.3   131.1   236.4   290.6   320.5   342.6   368.7   400.2   449.7   548.5   966.8  2656.1  75049.8    75000  1745080457678  1745080462879
read      253.1   118.7    74.4   115.9   131.2   235.3   288.5   318.5   340.8   367.3   398.9   445.9   536.1   690.8  2290.2  79943.6    80000  1745080464383  1745080469583
read      244.4   154.6    74.4   113.1   127.0   223.2   275.8   307.3   329.9   356.1   389.0   435.3   529.6   747.2  3200.0  84998.0    85000  1745080471087  1745080476286
read      255.8   109.5    68.9   117.2   133.6   239.1   291.1   320.3   342.1   367.7   399.3   448.1   543.9   735.5  1826.3  89977.8    90000  1745080477790  1745080482990
read      266.8   115.0    74.4   122.6   140.5   249.1   302.4   333.2   355.8   382.2   416.0   466.2   576.9   764.2  2008.8  95059.6    95000  1745080484493  1745080489693
read      279.6   127.5    74.4   128.4   148.0   262.9   316.0   346.7   370.1   397.5   432.4   486.3   597.2   763.5  2117.6 100051.0   100000  1745080491197  1745080496396
read      364.3   247.3    68.9   151.9   179.6   331.7   401.8   442.3   471.8   509.6   571.2   697.4   932.8  1267.6 11395.0 104924.9   105000  1745080497900  1745080503100
read      576.5   229.0    86.8   342.9   381.9   504.8   570.7   671.5   776.2   856.5   922.5   994.0  1098.6  1379.7  6682.0 107453.6   110000  1745080504605  1745080509806
read      630.1   258.9   101.3   410.1   442.1   543.2   591.8   676.2   864.7   952.4  1010.6  1076.1  1181.0  1684.5  7430.2 103018.6   115000  1745080511310  1745080516510
read      420.4   212.4    68.9   185.6   222.5   384.5   454.1   507.6   558.7   620.6   687.6   767.6   892.7  1089.4  7414.9 119739.0   120000  1745080518015  1745080523215
read      612.2   279.2    86.8   377.6   410.2   519.0   589.8   752.3   849.7   911.9   967.7  1032.1  1267.3  2238.7  7921.6 106043.6   125000  1745080524720  1745080529919
read      616.3   253.8   101.3   382.9   418.5   533.8   592.2   713.6   847.2   923.1   982.9  1050.3  1164.0  1521.5  7363.3 105280.7   130000  1745080531424  1745080536624
read      599.6   237.8   101.3   376.7   410.0   515.6   577.1   696.8   827.9   903.2   961.3  1017.4  1145.8  1534.3  7114.3 108221.6   135000  1745080538130  1745080543331
read      616.8   242.3    93.8   392.7   425.9   529.2   586.4   723.3   864.1   932.4   985.8  1048.9  1163.7  1495.8  7301.0 105322.8   140000  1745080544835  1745080550037
read      605.5   238.6   109.4   383.3   416.0   522.1   581.4   704.2   838.3   910.6   967.8  1024.3  1138.3  1424.1  7301.2 107356.8   145000  1745080551541  1745080556755
read      616.1   244.3   109.4   393.5   427.2   532.4   586.3   685.2   846.4   929.7   987.8  1053.4  1162.9  1474.0  7287.7 105452.4   150000  1745080558260  1745080563463
read      586.4   230.8   109.4   371.1   401.1   500.8   564.2   716.3   824.4   885.4   932.2   992.7  1093.9  1363.0  6879.9 110657.0   155000  1745080564967  1745080570167
read      635.5   263.2   118.1   406.9   440.8   550.0   610.2   691.7   852.6   951.3  1014.9  1086.6  1221.5  1629.6  7446.3 102410.3   160000  1745080571671  1745080576873
read      619.8   247.8   109.4   389.8   423.1   536.3   594.1   713.5   846.9   927.1   988.5  1058.6  1173.4  1481.6  7369.6 104952.6   165000  1745080578377  1745080583590
read      604.0   259.5    86.8   366.5   406.1   519.9   584.5   722.8   837.6   907.1   965.4  1025.7  1154.3  2079.1  7407.5 107523.6   170000  1745080585095  1745080590294
read      581.9   255.2    80.4   347.7   385.4   499.0   573.4   720.4   813.5   874.4   925.5   989.5  1100.0  1609.8  9257.4 111416.8   175000  1745080591800  1745080597000
read      598.7   273.7    93.8   368.7   405.5   515.2   579.4   711.7   829.2   897.6   953.9  1012.7  1129.9  1557.5 12173.6 108434.4   180000  1745080598505  1745080603706
read      619.8   255.8    86.8   380.4   419.6   533.8   591.4   718.8   857.9   935.1   992.0  1060.3  1184.6  2494.3  7127.4 104815.3   185000  1745080605211  1745080610411
read      595.9   240.9    86.8   376.8   407.8   513.1   574.2   696.5   828.3   897.2   952.8  1011.1  1116.5  1424.1  7440.3 108908.3   190000  1745080611916  1745080617116
read      574.2   227.7    86.8   357.0   388.3   491.1   550.4   712.8   810.7   865.2   914.3   973.9  1076.7  1391.6  6203.5 112918.3   195000  1745080618621  1745080623822
read      618.2   262.9    86.8   403.4   435.0   531.6   581.0   654.6   856.7   942.6   993.3  1056.2  1163.1  2047.3  7475.7 105168.8   200000  1745080625326  1745080630528
read      598.8   234.6    86.8   381.3   412.1   513.8   572.0   695.6   834.3   903.3   958.9  1014.9  1133.1  1460.3  7065.4 108466.8   205000  1745080632033  1745080637233
read      610.5   240.0    93.8   401.5   429.7   527.4   577.6   651.9   838.7   924.5   981.3  1042.6  1147.4  1375.4  7305.9 106487.2   210000  1745080638737  1745080643938
read      596.3   236.4    86.8   382.8   414.3   511.2   563.0   667.8   831.0   904.3   959.9  1012.2  1106.5  1569.7  7166.3 108800.2   215000  1745080645442  1745080650645
read      599.7   285.5    80.4   387.7   418.9   517.7   567.6   638.9   822.0   907.6   966.7  1020.1  1125.7  1367.5 11980.8 108317.5   220000  1745080652149  1745080657351
