#type       avg     std     min      p5     p10     p50     p67     p75     p80     p85     p90     p95     p99    p999   p9999      QPS   target
read      191.7    70.6    68.9   117.0   133.6   190.6   208.4   218.2   225.5   232.8   243.5   258.7   293.1   968.9  2561.7   8130.4     8195
read      447.1   202.9    54.7   122.3   158.5   446.0   516.9   559.9   591.9   634.7   692.7   787.3  1004.5  1415.5  2273.0 158353.4   158594
read      433.4   221.5    63.8   119.5   145.3   425.2   508.3   555.8   591.7   637.8   702.0   804.0  1041.9  1506.2  3820.2 149669.8   149766
read      198.0    78.6    59.1   111.7   125.5   193.0   214.9   226.8   234.6   246.1   261.2   291.2   404.9   789.0  2508.9  10395.6    10382
read      251.9   162.8    54.7   113.0   126.2   209.6   263.2   299.0   328.1   366.4   426.6   534.7   784.0  1415.2  3871.3 169953.8   170548
read      206.4   101.9    54.7   106.1   116.2   181.5   221.9   249.0   270.1   295.3   327.1   376.6   507.0   963.4  2329.7 150455.0   150565
read      201.0   108.8    54.7   103.2   112.6   176.4   217.7   245.0   265.9   290.0   319.2   366.2   470.5   963.5  3199.3 137018.4   137144
read      201.0   105.4    54.7   103.8   113.4   176.6   216.8   243.6   264.6   289.3   319.4   367.3   475.6   841.3  3345.4 143863.6   143496
read      204.0   112.1    54.7   104.5   114.4   178.9   218.9   246.1   267.3   292.0   322.6   370.9   494.4  1018.6  3183.9 144523.2   144743
read      202.8   117.4    59.1    99.8   108.8   176.6   223.7   252.2   272.4   294.9   322.6   367.4   498.1  1242.4  2990.8 116519.6   116745
read      203.2   123.4    59.1   100.4   109.7   175.0   219.9   249.1   270.5   294.9   325.3   374.7   547.0  1094.6  3176.6 129138.6   129314
read      210.1   130.7    54.7   102.7   112.4   177.9   221.1   250.4   272.8   299.7   334.9   397.4   652.4  1376.6  3330.2 144698.2   144723
read      201.8   118.6    59.1   100.1   109.2   176.1   222.0   250.1   270.1   292.4   319.5   363.3   475.8  1551.5  3332.2 117439.2   117379
read      203.8   134.9    54.7    99.8   108.9   175.5   220.8   249.3   269.7   292.7   320.2   366.3   523.4  1918.6  3483.4 120205.0   119931
read      203.4   124.3    54.7   100.6   109.8   174.1   218.1   247.2   268.8   293.2   323.7   374.1   555.1  1380.2  3315.5 132083.6   132052
read      207.7   125.9    59.1   102.3   111.8   176.2   218.7   247.4   269.7   295.7   330.0   388.7   663.1  1273.5  2998.6 143465.8   143350
read      211.8   141.8    54.7   102.4   112.0   178.3   221.9   251.4   273.9   301.4   338.1   403.3   672.4  1453.5  4105.3 143722.4   143518
read      235.9   153.9    59.1   112.2   125.0   200.7   245.0   274.1   297.4   327.6   370.0   458.1   759.3  1797.6  3829.2 172701.0   172981
read      206.3   125.7    59.1    99.8   108.8   182.5   231.8   259.4   277.7   297.7   323.0   365.6   485.5  1497.9  3970.4  94106.8    94027
read      220.3   140.0    54.7   109.2   120.5   190.7   231.7   258.9   280.2   306.9   342.7   406.9   629.5  1602.9  3697.7 169576.4   170019
read      226.6   137.7    59.1   112.6   125.3   198.0   237.9   264.8   285.4   311.3   346.2   410.9   677.9  1587.3  3592.7 179339.6   179090
read      209.4    86.6    50.7   103.2   113.2   206.4   243.9   262.0   273.9   288.7   307.2   336.4   401.0   598.7  1803.1  47116.2    47130
read      202.4    90.0    59.1   108.7   122.0   200.6   226.4   239.0   248.5   259.2   272.4   294.0   348.6   894.7  3961.9  19454.4    19439
read      255.6   127.1    54.7   115.6   133.0   233.4   285.9   317.6   341.4   368.9   402.1   456.3   588.4  1016.2  2849.0 128635.8   128963
read      214.6   135.8    59.1   101.6   113.7   198.8   231.4   249.2   262.4   277.8   301.1   344.0   719.9  1697.8  2963.5  23696.8    23787
read      233.1   145.7    59.1    99.3   110.3   209.3   261.8   290.6   310.7   334.3   364.4   411.7   692.2  1721.0  2733.5  61882.0    61848
read      290.9   264.2    59.1   108.5   122.0   234.2   304.0   347.0   378.7   416.9   468.0   578.4  1330.9  3308.0  6452.5 102180.0   101968
read      219.1   165.4    54.7   101.2   110.9   187.6   236.6   266.3   287.1   311.4   343.4   397.1   622.7  2453.8  4619.3 109068.8   108767
read      204.6    97.5    54.7   100.1   109.3   183.7   232.4   259.7   278.1   299.0   325.1   366.3   455.6   836.2  2103.1  96991.4    97139
read      220.3   132.6    59.1   109.9   120.8   190.2   232.1   260.6   282.8   310.3   346.2   406.6   622.2  1536.6  3424.1 158888.6   158594
read      205.1   118.5    54.7   104.7   114.6   179.6   220.2   247.5   268.7   293.5   324.3   371.4   495.7  1180.9  3774.0 141388.8   141240
read      223.8   110.4    59.1   106.1   117.1   214.6   255.5   277.5   293.7   313.1   337.6   371.3   443.6  1111.5  2961.6  41368.4    41405
read      233.8   102.5    54.7   103.1   114.0   219.9   273.9   303.8   324.4   347.3   372.8   408.0   477.1   591.4  1767.3  58191.0    57997
read      290.6   274.2    54.7   105.9   116.2   201.1   271.0   319.2   365.3   441.1   584.6   813.3  1358.9  2479.8  4918.9 133408.2   133577
read      214.0    90.9    59.1   103.1   113.1   207.4   249.7   270.0   284.0   299.4   319.4   352.1   426.6   774.3  1949.5  54097.6    53832
read      252.7   138.8    54.7   107.8   119.7   219.2   285.2   322.5   351.0   384.9   427.8   497.9   668.4  1090.6  2597.7 139612.6   139832
read      218.1   117.6    54.7   111.4   123.2   193.4   233.1   260.0   280.9   307.2   341.4   395.4   536.0  1077.9  3405.4 170620.0   170515
read      198.8    98.8    54.7   101.6   110.6   174.5   217.4   245.0   265.7   289.3   318.3   362.8   459.3   912.3  2551.0 128401.8   128494
read      208.6   105.9    59.1   107.9   121.3   202.7   227.2   240.2   250.1   262.2   276.9   308.0   463.6  1334.4  2688.5  20844.2    20789
read      291.8   271.2    59.1   104.3   117.1   237.6   305.4   343.9   370.8   403.4   452.3   555.0  1547.8  2929.3  6837.6  63629.6    63647
read      291.9   273.5    54.7   104.7   117.6   238.1   306.2   344.8   371.6   404.2   452.1   558.7  1472.7  3116.7  7187.2  64755.0    64802
read      273.5   230.5    59.1   103.5   115.9   232.4   294.9   329.5   354.2   382.5   422.7   496.1  1270.3  2759.8  4107.3  55780.8    55719
read      356.6   296.8    63.8   123.1   139.6   282.7   369.9   432.5   482.5   547.3   640.9   820.0  1415.2  3053.0  7115.4 173793.0   174179
read      210.8   144.9    54.7   101.7   110.9   183.4   232.1   261.6   282.4   306.4   336.8   383.5   533.2  1338.7  4218.6 106460.0   106356
read      243.1   158.6    59.1   116.3   130.2   210.8   255.7   285.0   307.6   335.9   374.3   448.4   740.2  2020.2  4027.9 178242.6   178750
read      206.2   110.4    59.1   101.3   110.1   180.9   229.5   258.5   278.8   301.9   330.9   373.4   486.7  1240.6  2704.4 105580.6   105831
read      212.7   150.8    59.1   101.1   110.2   181.6   230.3   260.4   281.8   306.8   338.2   386.9   580.5  2357.2  3905.1 110357.0   110667
read      190.7   128.9    63.8   105.8   118.8   179.3   198.4   208.6   215.7   224.8   235.3   258.2   649.2  1885.4  3190.2   8806.6     8803
read      254.4   194.9    59.1   103.2   115.3   224.6   280.5   311.1   332.9   357.9   390.5   449.7   878.2  2705.2  5443.2  45752.0    45662
read      239.5   186.9    63.8   102.7   114.9   213.3   255.7   279.4   297.0   318.7   348.3   403.0  1048.7  1972.7  5626.1  30869.8    30867
read      254.4   191.0    59.1   102.4   114.3   223.4   278.4   308.9   330.5   355.8   388.5   450.3   975.7  2582.0  3801.3  45508.8    45656
read      301.0   295.3    59.1   106.5   119.2   232.1   304.4   350.1   385.6   431.7   498.6   651.0  1565.5  3357.4  7080.6 101020.0   100938
read      234.7   221.5    59.1   104.2   114.4   187.3   236.1   269.4   294.1   323.9   364.9   446.7  1000.6  2897.9  4960.4 132204.8   132360
read      230.3   181.2    59.1   101.5   110.9   202.6   252.5   279.7   299.2   322.7   354.6   406.5   655.8  2563.0  3713.5  67710.4    67591
read      237.1   158.3    59.1   105.3   117.2   216.9   259.7   283.0   299.8   320.1   347.8   396.6   767.3  2264.4  3550.9  33845.0    33910
read      266.5   260.9    59.1   103.0   113.9   214.5   274.0   310.5   338.3   371.8   421.6   520.9  1356.9  3174.6  7095.7  85783.4    85729
read      207.9   192.5    63.8   103.2   116.5   189.8   212.8   225.5   234.0   246.4   263.4   296.2   991.4  2524.2  6944.0  12920.0    12884
read      230.5   120.0    59.1   103.7   115.0   217.2   265.7   291.6   309.6   329.7   353.8   389.3   471.4  1334.1  3639.1  45561.8    45621
read      218.7   118.8    59.1   105.2   116.5   210.9   249.8   269.6   283.5   298.6   318.3   347.9   425.5  1343.2  4379.7  36972.4    36938
read      229.4   115.0    59.1   101.2   111.5   213.1   265.4   294.2   313.6   335.4   360.9   397.7   492.8  1348.8  2112.8  56673.2    56902
read      215.9   144.3    59.1   101.0   110.3   187.6   237.3   266.8   287.8   312.3   343.7   393.7   550.0  1699.0  3204.0 101995.4   102243
read      198.4   119.8    63.8   110.3   122.8   191.6   212.0   223.0   230.9   240.6   253.6   277.4   457.6  1380.1  4147.2  14144.2    14085
read      228.6   124.9    54.7   101.4   112.3   204.9   259.2   291.2   314.0   340.1   370.1   417.5   525.3  1377.0  2556.7  94144.8    94103
read      224.6   129.8    54.7   100.1   110.4   209.1   258.1   284.2   302.5   323.1   349.1   385.1   480.7  1517.5  3860.5  57996.4    58175
read      287.0   228.8    54.7   108.8   120.5   216.2   289.8   342.6   388.5   457.3   548.1   691.5  1071.9  2296.0  4704.7 151535.4   151312
read      209.6   123.2    54.7   100.2   109.1   186.8   235.8   263.0   280.9   301.6   328.0   368.7   513.7  1511.5  2923.8  83165.4    83333
read      221.6   150.4    59.1   108.8   119.9   189.9   231.3   259.1   280.9   308.3   343.7   406.4   711.0  1657.4  4531.3 165052.8   165153
read      205.6   121.3    54.7   101.4   110.5   178.9   224.6   253.6   274.8   299.7   330.9   374.0   496.3  1430.8  3147.2 123941.8   123975
read      212.6   107.5    59.1   106.4   117.2   205.7   236.4   253.5   266.3   281.1   301.0   335.4   435.6  1213.5  3130.5  28495.8    28449
read      210.8   202.0    63.8   108.4   121.4   196.6   220.9   233.9   244.2   255.6   272.1   301.3   553.2  3611.7  7026.4  14960.6    14903
read      219.5   132.2    59.1   106.1   118.3   210.5   245.8   264.5   277.2   293.1   313.2   343.9   440.5  1419.0  5293.8  31167.4    31189
read      236.4   168.1    59.1   100.1   111.6   212.9   261.1   287.2   305.8   327.6   356.0   405.3   811.4  2492.5  3585.2  40647.0    40636
read      269.5   260.9    54.7   101.7   113.2   217.7   278.1   314.5   340.9   372.2   418.6   506.5  1445.2  3012.5  7137.5  80570.2    80574
read      270.7   235.0    59.1   112.4   125.6   213.4   273.7   315.8   347.3   388.6   448.3   568.9  1071.7  3159.4  4016.6 168972.4   168820
read      229.7   164.0    54.7   108.8   119.9   191.8   235.7   267.0   291.4   321.2   363.2   443.9   787.7  2122.6  3570.7 162812.8   162621
read      204.4   133.1    54.7    99.8   108.7   179.6   227.4   255.6   275.2   297.9   325.7   365.9   466.4  1492.7  2966.4 101715.2   101621
read      248.6   198.0    54.7   101.2   112.4   216.2   270.3   300.6   323.0   349.7   385.3   446.0   982.7  2588.8  4261.1  58690.0    58592
read      397.7   373.9    54.7   117.3   134.3   302.7   422.5   498.3   550.5   618.4   714.4   906.3  1896.6  3587.0  7817.5 153358.2   153042
read      205.0   127.4    54.7   100.5   109.6   178.4   224.7   253.1   273.5   296.7   326.7   369.2   491.9  1706.2  3374.5 112093.6   112238
read      225.2   149.0    50.7   109.0   120.0   191.6   234.7   264.9   288.2   317.1   355.0   422.4   712.7  1809.9  3725.3 160327.2   160265
read      237.4   189.7    59.1   101.0   111.7   210.3   260.0   287.0   307.3   332.3   364.7   423.3   792.1  2651.1  5482.3  57289.4    57109
read      258.5   232.3    54.7   101.9   113.0   212.8   273.3   310.2   336.8   368.1   410.5   481.1  1169.6  3135.2  4119.0  88510.8    88551
read      185.3   179.9    59.1    97.1   110.7   171.6   188.8   198.2   205.2   214.5   227.4   251.2   694.5  2628.1  7665.2   8289.2     8385
read      229.6   164.5    59.1   101.3   113.0   208.8   250.7   273.6   291.0   311.8   339.3   388.1   793.7  1796.1  4993.1  34017.2    34088
read      334.4   317.8    59.1   108.1   121.9   255.1   347.6   403.4   445.5   496.6   578.4   757.2  1591.9  3510.7  7264.5 113364.8   113600
read      211.6   145.8    54.7   102.4   111.9   179.3   224.0   253.2   275.2   301.9   335.4   388.5   626.4  2160.2  3609.9 131804.8   131842
read      218.4   147.8    54.7   101.5   111.0   186.3   236.3   267.2   289.3   315.6   348.8   408.2   631.8  1950.2  3526.9 111968.2   112066
read      221.9   166.1    59.1   101.1   110.3   196.8   245.6   272.5   291.9   315.0   343.1   389.1   535.1  2468.9  3762.4  72873.8    72585
read      259.8   191.3    59.1   104.6   115.3   205.7   276.2   319.8   353.2   398.9   464.6   572.4   868.0  2201.5  3741.8 133493.4   133669
read      189.5   105.3    63.8   102.6   116.6   183.2   202.0   213.0   220.4   230.3   243.5   267.3   424.9  1484.9  2532.1  11775.2    11820
read      191.7   171.3    54.7   100.0   113.5   180.7   200.5   212.0   219.8   230.1   244.1   270.0   601.1  1694.5  6812.5  12640.6    12639
read      294.2   237.7    54.7   111.3   127.1   242.6   312.7   356.3   389.6   429.1   481.9   589.4  1186.9  2616.8  4634.3 118360.2   118548
read      283.9   227.8    50.7   112.2   125.7   224.6   295.0   341.8   375.9   419.8   486.1   615.7  1086.8  2774.3  4862.0 165900.8   165754
read      228.4   187.5    54.7    99.5   109.1   193.3   245.4   275.4   297.6   324.6   357.3   412.6   833.5  2518.4  3304.9  86814.2    86823
read      201.6   137.5    59.1   100.3   113.2   187.3   212.3   225.9   235.2   248.1   265.2   296.4   832.8  1800.2  3116.0  16912.4    16898
read      317.0   285.9    59.1   105.6   117.7   237.3   331.0   389.8   438.0   496.2   576.5   733.0  1441.1  3131.8  4995.1 122902.4   123124
read      226.0   189.9    59.1    99.6   109.0   196.9   246.1   274.0   294.4   318.8   347.6   397.4   633.2  2550.8  4993.4  72284.4    72278
read      240.9   203.3    54.7   101.2   112.0   213.7   263.7   291.7   311.6   333.5   361.4   410.9   800.9  3046.3  5827.4  47802.2    47757
read      254.8   186.5    54.7   100.7   112.7   220.7   280.8   314.8   337.7   365.0   401.1   460.9   959.1  2531.6  3469.1  60530.6    60510
read      215.8   151.6    54.7   100.8   112.7   198.9   231.7   249.9   263.5   279.4   302.6   345.4   738.2  2436.4  3681.7  25283.4    25237
read      296.6   303.1    54.7   105.4   118.3   232.3   301.3   341.5   372.7   411.7   466.6   607.0  1582.8  3491.4  7610.7  97647.4    97783
read      213.0   124.4    59.1   101.7   111.3   184.5   232.6   262.7   284.7   310.9   342.7   395.7   541.8  1565.8  2916.5 118877.0   118966
read      195.1   114.8    63.8   103.5   116.7   187.8   209.3   220.8   229.3   239.0   253.3   282.4   457.0  1286.1  4113.0  16729.6    16631
read      190.8   155.3    59.1    99.0   112.6   178.6   198.1   209.3   217.2   227.8   241.8   270.5   626.2  2456.4  7217.6  11707.8    11743
read      371.0   361.5    59.1   110.4   125.4   285.1   392.3   454.9   499.6   558.6   646.4   841.0  1843.8  3714.9  7577.0 114828.8   115026
read      206.7   124.9    59.1   101.6   110.8   178.5   224.1   253.3   274.7   300.4   331.1   375.7   525.7  1521.2  3329.7 122417.2   122371
read      175.4   105.6    59.1    96.0   108.9   167.8   183.8   193.0   199.6   208.3   218.8   242.8   496.4  1440.0  3037.1   7259.8     7198
read      210.5   121.5    54.7   100.6   112.2   196.4   228.6   246.2   259.3   274.7   296.4   338.4   648.7  1431.0  2717.2  25025.0    25022
read      353.0   346.2    59.1   114.7   129.6   255.9   360.5   426.5   477.7   542.4   636.4   815.2  2029.1  3281.6  7617.2 157738.4   157513
read      236.6   148.7    54.7   112.9   125.9   202.7   247.6   276.5   299.8   329.0   369.2   446.5   770.7  1827.2  3079.6 171760.6   171975
read      219.0   167.5    59.1   106.3   116.8   184.9   226.8   254.7   277.2   305.6   341.4   405.8   710.7  2100.6  4501.2 155004.8   154918
read      214.1   142.5    54.7   103.4   113.2   180.9   225.4   255.3   278.6   307.0   341.6   402.0   654.6  1812.3  3165.4 139409.0   139185
read      223.3   172.3    59.1   105.8   116.4   184.4   228.1   258.6   283.0   312.9   351.3   428.9   788.0  2233.1  4237.3 152637.6   152724
read      205.6   114.3    59.1   103.0   115.5   194.0   220.2   234.0   245.4   258.8   277.7   316.6   644.5  1453.6  2598.7  20792.8    20845
read      383.1   368.3    59.1   112.4   126.8   278.9   401.0   481.3   540.4   613.7   714.2   918.3  1932.4  3554.5  7754.7 140195.2   140348
read      225.1   194.3    59.1   100.1   109.4   191.0   242.1   271.9   294.1   319.9   352.8   407.0   635.8  2606.9  5788.0  88633.8    88725
read      264.3   235.1    54.7   105.3   116.5   204.6   269.8   313.0   345.7   390.4   455.7   570.4  1033.8  2930.2  5359.6 134020.4   134088
read      231.8   183.4    54.7   101.9   111.8   203.8   253.6   281.7   301.8   325.0   355.7   409.3   695.5  2552.0  3917.2  66238.2    66126
read      255.9   230.9    54.7   101.8   112.7   214.1   273.4   309.3   334.5   364.4   401.5   461.6  1141.9  3093.6  5740.9  78180.6    78214
read      230.5   156.2    54.7   101.0   111.7   210.7   259.7   286.5   305.4   326.3   351.5   395.8   563.0  2120.4  4806.2  55189.8    55191
read      233.1   142.3    54.7    99.5   110.3   212.5   265.0   294.4   314.1   336.0   364.5   407.8   564.2  1528.5  3071.2  54067.2    54081
read      268.7   271.3    54.7   102.0   112.1   198.7   262.9   304.2   335.9   380.8   458.9   615.6  1415.7  3247.1  5485.9 112521.6   112478
read      239.9   153.0    54.7   113.8   127.6   205.4   249.4   278.4   301.9   332.5   375.5   462.9   773.7  1715.0  3525.8 179735.8   179666
read      202.9   108.1    59.1    99.2   108.1   178.7   226.3   254.2   274.1   297.2   324.3   364.5   468.4  1396.3  2460.9 100481.0   100584
read      210.2   142.5    54.7   101.1   110.3   177.6   223.2   253.0   275.7   302.9   335.5   392.1   628.6  1894.3  3320.4 127783.2   127920
read      173.5    94.6    59.1    96.8   110.2   168.4   183.4   192.0   198.4   206.4   217.4   237.2   371.6  1400.8  2636.8   6616.6     6594
read      208.1   138.5    54.7   100.1   112.0   195.1   226.9   243.8   256.1   271.3   291.9   327.2   553.8  1717.3  4453.0  25051.2    25020
read      315.3   278.2    59.1   106.2   118.6   243.6   340.1   399.0   442.9   494.1   565.7   701.8  1343.2  2638.7  5070.4 129543.6   129587
read      182.5   117.4    63.8   100.4   114.0   175.1   192.3   201.3   209.0   217.3   229.9   251.5   391.0  1724.6  3061.9  10267.2    10277
read      336.3   266.0    59.1   110.0   123.0   252.7   357.0   434.3   491.5   559.0   649.8   804.7  1248.8  2521.1  4145.1 148264.0   148458
read      222.8   193.3    54.7    98.7   108.0   193.3   238.8   264.0   281.8   303.2   330.6   380.9   973.0  2504.0  5365.0  65948.8    66114
read      239.0   183.4    59.1    99.3   110.4   211.1   262.1   291.6   312.1   335.7   367.4   421.6   829.6  2634.4  4090.1  49317.8    49261
read      326.7   292.3    54.7   106.7   118.7   239.6   343.5   412.4   466.4   528.9   614.5   771.5  1419.8  3107.8  6991.3 133145.6   133049
read      206.7   136.9    59.1    99.9   108.9   179.1   226.1   254.7   275.2   299.3   327.5   370.5   505.1  1741.1  3388.8 106504.2   106628
read      204.4   134.7    59.1   103.7   115.8   194.8   221.2   234.5   245.6   258.3   275.1   309.2   467.3  1741.0  3967.6  23379.8    23498
read      270.6   262.1    50.7   102.3   113.5   211.4   274.6   313.2   342.1   380.5   432.9   543.2  1464.4  2887.4  7006.2 103374.0   103564
read      232.8   189.3    54.7   107.6   118.9   192.7   238.2   269.5   293.6   322.4   363.8   442.3   806.0  2767.0  4304.7 161960.6   161774
read      224.4   165.1    59.1   102.0   113.3   206.6   245.6   267.1   283.3   303.0   328.2   373.3   602.8  2050.9  4343.9  38950.8    39037
read      329.4   332.8    63.8   114.8   129.5   247.4   331.5   383.4   425.0   479.4   560.9   728.0  1849.5  3549.1  7380.6 163750.0   163622
read      213.1   149.2    54.7   102.0   111.6   180.2   226.3   257.0   280.3   307.8   340.8   400.5   607.6  1989.1  3670.3 132283.0   132405
read      213.2   147.8    54.7   101.5   110.8   179.0   225.8   256.8   280.8   308.4   342.1   404.9   644.3  1996.2  3666.1 131587.0   131596
read      236.0   168.3    59.1   111.6   124.3   201.2   245.9   274.9   298.0   326.9   367.1   443.5   744.6  2287.1  4394.6 174638.6   174543
read      223.2   194.0    54.7    99.3   108.6   186.8   236.7   266.8   288.5   312.8   343.6   400.8   867.8  2531.0  4357.4  90584.8    90567
read      213.6   161.0    54.7   100.2   109.4   178.6   225.9   255.6   277.9   304.0   334.9   389.3   727.9  2204.9  3580.3 116749.6   116582
read      191.7   137.7    63.8   103.6   116.9   182.1   201.6   212.9   220.5   230.3   243.3   267.4   492.0  1942.3  4619.8  13879.6    13888
read      268.6   258.7    59.1   102.5   113.0   204.1   272.1   314.1   345.6   389.6   454.6   581.9  1371.1  3135.4  4314.7 119157.2   119224
read      223.5   151.3    59.1   106.2   116.8   186.4   230.6   260.9   285.0   314.1   353.7   433.3   774.7  1898.8  3064.2 156510.6   156471
read      223.0   144.5    54.7   107.9   119.1   189.9   232.5   261.5   284.2   311.8   347.9   418.1   726.6  1720.1  3219.7 163919.8   164013
read      229.4   206.7    59.1   100.7   111.6   205.8   248.4   271.8   289.0   308.4   333.1   375.2   696.4  3351.3  7048.1  41991.4    41909
read      318.6   292.1    59.1   106.6   118.9   242.9   338.9   398.1   441.2   491.7   561.8   698.4  1440.8  3353.9  4686.2 128505.6   128280
read      203.1   112.2    54.7    99.2   108.2   178.0   225.0   253.5   274.3   298.5   325.9   368.9   486.7  1119.1  3139.2 106871.6   107066
read      222.6   145.6    59.1   101.1   111.7   205.9   247.8   270.6   287.8   307.7   333.7   379.4   508.9  2232.8  3687.2  46236.2    46119
read      191.8   200.1    63.8    98.4   112.4   175.2   193.8   203.7   211.8   220.8   233.8   262.8   804.4  2736.6  7883.6  10171.4    10227
read      190.4   119.1    59.1    99.5   114.0   178.3   197.8   208.9   216.6   227.2   241.3   272.5   713.9  1632.9  2560.2  10828.4    10870
read      352.1   306.0    59.1   113.3   128.2   268.7   368.9   437.5   491.3   555.5   647.2   825.3  1442.4  3445.9  5127.2 146699.4   146664
read      200.6   101.4    59.1   102.6   115.3   191.7   217.3   231.2   241.8   254.4   272.5   307.8   461.8  1323.3  2375.5  20012.6    19865
read      330.6   322.6    54.7   106.5   119.2   251.0   340.5   395.8   437.9   490.6   569.5   747.7  1636.3  3450.6  7086.5 113445.8   113409
read      225.0   186.1    59.1   100.0   109.5   196.6   245.6   273.0   293.5   316.1   346.2   397.6   606.8  2520.4  6362.1  70483.2    70623
read      246.6   209.4    54.7    99.6   110.7   214.4   268.2   298.6   318.4   344.9   379.2   432.3   940.8  2995.1  5181.0  52452.4    52633
read      290.0   299.8    54.7   104.1   115.9   221.6   290.8   332.1   365.2   406.0   464.3   608.9  1588.5  3312.2  7465.5 104593.0   104630
read      225.3   139.9    54.7   101.4   112.7   208.3   251.7   275.2   292.5   311.7   337.2   381.1   538.1  1730.3  4184.5  42613.2    42594
read      241.8   209.9    54.7   102.3   113.0   200.6   255.9   290.1   314.7   345.4   385.9   447.0   896.6  2802.5  4514.0  95356.6    95196
read      243.9   182.5    54.7   101.0   112.0   213.1   265.6   296.1   317.2   344.9   380.8   438.5   878.5  2467.6  4562.6  52144.0    52243
read      224.1   167.2    54.7   102.6   114.6   208.6   249.8   272.0   288.4   307.1   330.9   372.4   502.1  1594.2  6219.4  37072.0    37031
read      213.4    84.5    54.7   105.0   116.6   208.4   246.2   265.7   279.1   294.7   313.7   342.3   403.5   545.3  2041.0  39896.2    39878
read      233.8   103.9    54.7   106.9   119.8   211.8   265.2   297.2   320.2   348.9   382.6   426.7   509.3   679.3  1114.6 110777.6   110750
read      180.7    61.9    54.7   106.9   123.0   179.1   196.2   205.4   212.5   220.1   231.5   249.9   296.2   765.2  2025.8   8291.4     8231
read      215.2    97.7    54.7   100.2   110.3   202.0   250.7   276.8   294.5   313.3   337.3   372.8   439.3   536.3  2179.5  63473.4    63638
read      207.6    98.6    46.9    99.6   109.4   188.2   237.3   265.4   284.6   305.8   331.8   372.3   450.6   575.7  2007.9  89916.8    90167
read      209.9    96.4    59.1   101.8   112.4   202.7   243.4   264.6   279.1   295.3   315.3   345.5   412.0   507.7  2012.6  50571.8    50555
read      195.8    60.0    63.8   110.5   126.1   194.4   215.6   227.4   235.1   246.3   259.9   282.5   336.3   544.3  1385.7  16039.6    15997
read      215.5   107.9    54.7   103.2   114.3   208.4   248.6   269.1   283.2   298.6   317.9   347.6   415.8   977.7  3948.2  43000.8    43089
read      191.9    67.9    59.1   111.8   128.3   190.3   209.8   220.0   228.0   236.0   249.6   270.1   320.2   588.1  2002.7  12258.4    12188
read      220.7    99.5    54.7   100.8   111.1   203.4   255.2   284.5   304.1   326.2   355.5   396.4   469.6   638.5  1729.0  76392.8    76615
read      252.5   171.2    54.7   107.5   118.7   200.9   263.3   307.6   342.2   390.0   456.0   564.2   818.3  1252.9  4043.2 143387.8   143480
read      212.1    93.8    54.7   100.9   111.1   199.5   245.4   269.3   285.8   304.3   328.1   367.5   444.7   612.3  2212.2  63717.4    63793
read      217.5   103.5    54.7    99.6   110.0   201.2   252.1   280.3   299.0   319.4   346.5   387.2   462.0   584.9  2006.3  72020.8    71996
read      216.3    87.7    54.7   103.6   114.6   209.3   249.3   270.3   285.0   301.5   321.7   359.7   446.4   651.3  1623.0  41810.2    41778
read      202.6   104.0    59.1   108.4   121.7   200.4   225.5   238.4   248.3   259.8   274.3   298.0   362.6   629.5  3976.1  21899.6    21860
read      213.9   101.5    54.7   102.8   113.4   206.4   247.4   268.6   283.1   298.8   318.3   349.7   421.1   713.6  3377.3  45508.6    45582
read      223.7   104.4    54.7   101.6   112.7   205.1   257.2   287.2   307.7   331.8   362.5   402.6   479.1   626.2  1472.7  81929.8    81972
read      212.9    92.9    54.7   103.1   114.2   207.2   247.3   268.1   282.2   297.4   316.4   345.2   404.6   501.6  1377.4  42690.4    42852
read      214.9    88.6    50.7   101.7   111.9   205.5   251.1   274.5   290.3   307.8   329.4   363.4   429.2   530.9  1064.8  51747.2    51852
read      213.7    99.0    50.7   102.5   112.8   191.0   240.6   271.2   292.4   316.6   347.3   394.1   472.5   600.7  1932.3 109539.8   109368
read      211.2    92.8    54.7   101.5   111.8   202.0   244.8   267.1   282.3   298.8   319.4   354.1   425.8   552.6  2656.4  55705.0    55794
read      216.3    87.2    59.1   105.7   117.5   212.8   248.5   267.6   280.8   295.3   314.6   344.8   414.9   567.6  2582.1  35522.2    35534
read      209.0   102.0    50.7   100.7   110.5   188.2   237.7   266.7   285.8   306.6   333.4   373.9   457.5   722.7  2763.3  90529.2    90576
read      198.3    91.8    50.7    99.7   108.8   178.4   224.9   252.4   271.4   291.0   313.7   346.5   423.1   672.5  2277.5  94936.2    95085
read      196.9   102.0    54.7    99.6   108.7   176.1   221.7   249.2   268.7   289.0   312.2   345.9   422.8   591.8  3189.2 100097.8   100029
read      200.9    88.0    50.7   100.3   109.9   187.8   234.0   257.0   272.1   288.1   307.1   335.4   399.4   549.3  2448.5  72343.8    72551
read      199.8    93.9    54.7    99.8   109.0   182.1   229.4   255.1   272.5   290.4   311.4   342.3   415.4   659.1  3046.9  84494.0    84629
read      199.8    81.6    54.7   100.4   109.7   186.2   232.9   256.2   271.3   287.5   306.7   335.4   398.3   568.7  1340.4  73810.6    74136
read      197.4    99.5    54.7   102.0   111.3   173.9   214.6   241.9   263.7   288.4   317.1   361.0   450.7   635.9  2275.7 130785.6   130756
read      201.1    85.1    54.7   100.8   110.5   189.4   234.6   257.0   271.7   287.4   305.8   333.3   394.0   527.9  2419.8  70144.4    69916
read      200.2   103.1    54.7   100.1   109.6   186.7   232.0   254.7   269.8   285.9   304.8   334.0   400.8   585.7  4383.4  72171.0    72019
read      199.9    89.3    50.7    99.9   109.4   184.6   231.6   256.1   272.4   289.3   309.4   339.3   408.0   558.0  1717.6  78199.2    78070
read      199.2    92.9    54.7   100.3   109.5   178.1   224.5   252.6   272.5   293.1   316.9   353.0   431.5   629.5  2142.6  99826.6    99548
read      217.2    84.4    54.7   107.1   119.3   212.8   247.3   266.4   280.0   295.4   316.3   348.9   422.7   616.9  1592.5  36471.6    36393
read      264.0   169.4    59.1   116.7   131.2   222.0   278.9   317.5   348.3   389.0   447.1   546.3   793.2  1270.3  4504.1 172471.4   172591
read      189.1    65.1    54.7   110.7   127.9   186.5   204.4   214.6   221.9   230.9   243.4   266.0   342.1   618.5  2029.3   8397.6     8325
read      224.1   111.2    54.7   101.5   112.1   205.6   258.3   287.6   307.7   331.5   361.0   401.0   478.8   857.7  3160.7  73759.6    73684
read      220.4    89.7    54.7   104.0   115.2   211.8   257.0   280.7   295.3   313.1   335.8   369.7   434.5   546.5  1547.5  48435.2    48420
read      187.6    66.1    59.1   113.4   130.3   185.6   202.9   213.0   219.7   228.8   239.7   258.9   306.3   604.3  2900.8   6829.2     6828
read      216.7   102.9    54.7   103.9   114.5   192.8   241.8   272.9   294.6   319.9   353.2   401.3   496.4   661.1  2226.3 118489.4   118747
read      182.7    75.5    63.8   109.1   125.7   181.1   197.9   207.3   214.2   222.6   233.6   252.8   302.7   465.1  2154.2   7117.8     7123
read      345.9   204.8    59.1   124.5   145.3   297.5   385.9   442.6   484.0   534.5   602.7   724.5   991.5  1488.2  3132.6 174783.8   175577
read      203.9    96.4    54.7   105.6   115.7   181.0   220.8   247.7   268.8   293.2   324.0   371.7   467.7   650.3  2646.6 147638.4   147498
read      206.7    74.4    54.7   105.7   117.2   204.9   235.9   252.1   264.0   277.1   293.9   320.1   384.9   475.7  1272.1  35917.8    35814
read      219.8   102.7    54.7   100.9   111.7   206.7   255.2   281.0   297.3   318.0   343.8   381.3   450.8   733.0  3499.3  59385.2    59488
read      245.2   143.3    59.1   113.0   126.0   206.1   256.5   290.9   318.3   354.5   404.8   504.1   782.6  1228.4  2733.4 167545.0   167483
read      199.4    93.7    54.7    99.8   109.1   180.4   227.5   254.9   273.0   291.9   314.2   346.5   421.7   566.6  2012.1  89282.2    88988
read      188.8    56.1    59.1   112.7   129.8   187.3   205.9   215.8   223.3   231.6   243.2   262.2   310.2   509.2  1890.4   9822.0     9869
read      209.9   100.5    50.7   101.9   111.8   186.4   234.7   265.4   286.5   310.6   341.4   387.9   471.8   636.7  1979.5 111518.8   111786
read      198.3    91.4    54.7    99.3   108.5   178.6   225.9   253.4   271.9   291.0   313.8   346.5   422.6   581.7  2341.0  92767.4    92736
read      225.3   111.7    54.7   114.8   128.3   202.5   243.6   270.5   291.7   317.9   353.5   407.6   523.6   727.0  2742.7 178351.6   178657
read      197.1    88.8    54.7   100.3   109.4   175.1   220.2   248.9   269.6   291.3   316.7   354.3   430.3   548.4  1489.2 108999.0   108877
read      192.7    72.5    63.8   109.2   122.9   191.9   212.7   223.8   231.6   241.4   253.9   274.0   322.7   506.1  2553.8  19267.2    19091
read      217.3    96.6    50.7   100.0   110.4   203.1   253.4   280.3   297.5   318.8   344.7   381.9   450.3   548.1   986.6  65710.6    65772
read      220.1   119.8    54.7   100.4   110.8   201.6   254.2   282.6   302.1   326.2   354.7   393.6   465.5   670.4  2948.8  79154.4    79060
read      204.8    92.1    54.7   100.3   109.8   183.5   231.8   261.0   280.7   302.0   329.2   370.5   455.4   601.6  1617.9  99880.4    99953
read      201.6    65.5    59.1   109.1   122.2   200.6   225.5   238.4   248.6   260.4   274.6   297.8   353.9   505.5  1955.5  24467.6    24354
read      277.9   185.5    54.7   107.9   119.2   213.2   293.7   349.3   396.5   457.1   531.4   651.9   914.9  1338.7  2112.2 144227.8   144236
read      213.2   106.7    59.1   110.5   121.9   190.1   229.3   255.6   276.3   302.1   336.2   388.1   495.6   723.3  3450.1 168083.0   168093
read      204.8    84.8    59.1   111.6   126.0   204.1   228.5   241.8   251.6   263.4   276.9   298.0   348.0   455.2  1441.7  22000.2    22028
read      223.2   104.8    50.7   100.5   111.2   204.9   258.6   287.8   308.4   333.0   362.3   401.1   471.9   708.4  2047.5  77476.8    77499
read      233.3   121.4    54.7   105.2   116.4   204.0   261.0   293.9   318.1   347.2   386.6   448.2   603.4   926.9  1935.2 128125.4   128271
read      198.1   103.5    54.7   101.6   110.7   174.7   216.6   244.9   266.4   289.6   317.5   360.3   446.7   666.4  2870.2 126423.2   126673
read      212.3    87.3    50.7   103.5   114.9   208.0   244.6   263.6   276.5   291.6   312.0   343.8   409.3   549.7  2315.0  43520.4    43605
read      204.8   105.5    54.7   100.1   109.7   182.8   230.6   259.8   279.3   300.9   328.9   371.5   458.3   631.8  2557.6 103117.6   103217
read      197.4    88.6    54.7    99.0   108.2   177.9   224.8   252.4   270.6   289.5   311.8   344.1   415.3   576.9  2101.5  93645.2    93706
read      205.7    79.0    59.1   110.3   124.3   204.2   229.7   243.8   253.6   266.4   281.7   305.1   358.6   521.3  3099.8  23318.2    23247
read      222.8   118.0    54.7   100.4   111.1   204.5   258.3   287.4   308.3   333.3   362.6   401.2   469.6   564.8  1918.3  77287.8    77378
read      191.2    70.0    63.8   113.5   130.1   189.5   208.2   218.0   226.0   234.1   246.7   266.6   317.6   595.6  2892.1  10539.4    10495
read      301.6   180.7    50.7   108.8   121.4   257.3   352.0   404.7   441.3   483.7   538.6   633.3   856.9  1272.9  2138.7 134749.4   134841
read      198.8   106.2    59.1   101.3   110.4   175.2   217.9   246.5   267.9   291.3   319.2   362.5   449.0   656.5  2927.5 120826.8   120602
read      209.1    77.0    54.7   106.5   118.1   207.2   238.8   255.6   267.5   280.9   297.2   326.0   387.5   498.4  1655.9  36985.2    36975
read      297.6   204.9    54.7   110.5   122.9   229.3   317.4   377.7   428.2   488.4   567.6   700.3   988.2  1516.1  2891.7 151142.4   151323
read      196.7    87.7    50.7    99.3   108.4   175.5   221.3   249.9   269.7   290.3   314.7   350.5   427.6   579.9  1780.9 105095.8   105217
read      196.9   103.6    54.7    99.8   108.9   174.4   218.4   246.9   267.2   288.5   314.2   353.0   434.9   678.3  3530.1 110614.0   110653
read      196.9    93.7    54.7   101.5   110.7   173.8   215.2   243.1   264.8   288.5   316.8   359.7   443.4   581.2  2265.2 127539.2   127593
read      198.3    90.7    54.7    99.7   109.0   177.2   223.3   251.8   271.1   291.8   316.5   353.7   431.6   576.0  1588.9 101076.8   101096
read      212.4    96.1    54.7   109.6   120.6   188.6   229.0   256.2   277.5   304.2   338.6   390.9   497.3   705.8  1838.9 158780.2   158958
read      201.1   103.8    54.7   103.5   113.2   177.4   218.2   245.9   267.3   291.5   321.8   368.6   464.5   663.7  3036.2 136546.6   136541
read      212.8    94.0    59.1   110.5   121.8   189.9   229.5   256.2   277.3   304.3   338.8   390.1   492.4   676.7  1367.4 165193.8   164999
read      211.4   105.0    59.1   110.1   121.1   188.2   227.4   253.4   274.0   299.9   333.9   384.7   490.4   758.5  2722.0 164695.0   164911
read      200.8    96.9    54.7   100.4   109.7   181.5   229.8   257.2   274.2   292.5   314.8   347.1   421.8   692.1  2656.4  87874.2    87904
read      215.9   101.2    54.7   111.3   123.3   192.8   232.3   259.4   280.5   307.1   341.8   394.8   500.7   714.8  2473.7 169144.2   169356
read      203.9    92.4    54.7   101.7   111.5   192.7   237.9   260.7   274.6   290.1   308.9   337.2   399.7   546.3  1769.8  67960.8    67870
read      217.7   108.2    54.7   111.4   123.3   194.2   234.7   262.5   283.8   310.5   345.1   398.3   507.5   713.7  2696.2 167677.8   167602
read      220.1    99.8    54.7   112.2   124.6   196.2   236.9   265.1   286.9   314.2   350.1   405.0   523.3   713.1  2257.1 170306.2   170450
read      201.6   100.5    50.7   100.4   110.0   187.8   235.1   259.1   273.6   289.7   308.9   337.5   398.3   540.3  2330.0  72839.4    72942
read      194.7    50.7    59.1   115.7   132.2   193.8   213.2   224.2   231.8   241.3   253.2   271.9   314.7   433.2  1246.6  13885.2    13873
read      218.7   101.2    54.7   103.8   115.3   211.2   254.6   275.8   290.5   308.0   330.1   362.6   422.7   509.4  3845.1  45517.4    45295
read      326.0   218.5    59.1   114.1   128.7   261.7   359.1   424.7   473.8   532.5   610.6   740.6  1034.6  1601.7  3056.8 157801.0   157697
read      196.9    94.9    54.7    99.7   108.8   173.5   217.2   246.3   267.5   290.1   317.2   358.5   443.9   688.8  2577.2 117220.4   117232
read      198.7    98.9    54.7    99.5   108.8   176.9   224.1   253.3   272.2   292.5   316.9   353.0   428.3   705.0  2439.1 101330.6   101152
read      214.3    90.9    54.7   103.1   114.3   206.9   249.6   270.6   284.9   301.0   322.4   355.7   416.5   520.4  1729.9  50252.6    50333
read      218.5   116.7    54.7   103.6   113.6   184.2   233.3   268.3   293.8   324.8   367.1   436.8   619.4   918.4  1580.1 136147.8   136447
read      207.2   102.0    50.7   107.2   118.0   184.2   223.3   249.7   270.4   296.1   330.3   379.7   479.0   642.6  3256.9 158558.0   158298
read      202.2    87.6    54.7   101.0   110.6   190.0   236.0   259.1   272.8   288.2   306.8   335.2   398.8   555.3  2479.4  69457.0    69328
read      208.4    96.5    54.7   109.4   120.2   186.2   224.6   250.4   270.8   296.1   329.6   378.7   477.0   627.6  2064.6 164295.6   164566
read      201.7    83.4    50.7   101.4   111.0   189.9   235.8   258.4   272.1   287.7   306.6   335.5   396.7   508.6  1365.0  70626.0    70740
read      196.6   102.3    54.7    99.4   108.4   174.8   219.6   248.1   267.6   288.6   313.6   350.2   427.8   564.2  3786.2 106607.2   106915
read      196.4    96.4    54.7   101.2   110.3   173.3   215.1   243.1   264.4   287.3   315.6   357.6   441.4   609.7  2299.2 126609.6   126425
read      202.2    93.2    54.7   100.3   109.8   186.0   234.3   259.9   274.9   292.1   313.1   343.5   412.8   625.9  2334.6  79093.4    79083
read      202.1    93.6    54.7   104.6   114.4   178.5   218.5   246.0   267.2   292.0   323.8   371.0   467.3   692.9  2276.4 143292.6   143445
read      214.2   111.8    54.7   110.8   122.3   191.0   230.8   257.6   278.4   305.2   339.6   391.4   496.1   686.0  2716.3 165601.6   165502
read      214.4    80.7    54.7   105.5   117.3   209.6   247.5   266.8   279.7   294.8   315.6   346.0   404.4   507.8  1339.6  40886.2    40820
read      213.2    78.4    59.1   111.1   125.5   211.0   240.3   256.5   267.7   280.4   296.3   323.5   384.6   608.4  1952.6  25116.0    25097
read      215.4    76.4    59.1   110.1   123.5   213.5   244.2   261.1   272.0   285.8   303.1   331.6   394.5   525.5  1964.0  26760.2    26808
read      220.1    98.0    54.7   100.9   111.3   203.1   255.5   283.6   304.2   327.7   355.5   393.1   462.3   572.2  1528.6  72846.6    72990
read      215.5   238.1    54.7   102.7   113.0   186.0   231.7   261.4   282.5   307.9   340.2   389.4   492.3  2747.3  8764.4 113910.0   113963
read      208.8   292.8    54.7   100.7   110.3   177.2   217.3   243.0   262.1   283.2   310.0   350.2   456.1  4246.8 12726.5  97540.8    97475
read      217.4   385.4    50.7   110.2   124.7   195.5   218.2   230.6   239.6   251.3   267.2   293.0   383.1  7758.1 12650.9  18645.4    18649
read      276.7   485.7    54.7   111.3   124.3   206.1   256.8   292.3   321.2   359.8   412.9   509.7  1006.4  7024.2 15888.8 150229.0   150293
read      211.0   265.4    54.7   102.4   112.0   178.4   218.5   245.8   266.5   290.3   319.8   366.3   477.7  4235.0  8799.1 119349.8   119407
read      204.0    97.7    54.7   101.1   110.5   186.3   234.7   261.8   278.2   296.3   318.3   352.3   424.3   634.1  2567.2  79890.0    79895
read      201.9   100.3    54.7   103.8   113.5   178.1   218.6   246.7   268.2   293.2   324.9   371.9   465.5   694.9  2193.8 137324.6   137569
read      199.1    92.9    54.7   100.8   109.9   176.4   221.1   250.5   270.6   293.0   320.0   360.7   439.8   588.1  2306.2 109858.8   109784
read      213.7    94.6    54.7   103.2   113.9   205.7   248.2   269.1   283.6   300.3   322.2   358.3   427.6   549.5  1795.7  52205.8    52195
read      207.6    97.4    50.7   100.7   110.4   185.5   234.9   264.7   284.2   306.9   334.8   375.2   460.2   617.3  2457.7  96977.6    97072
read      204.6    92.4    54.7   101.0   110.7   188.3   235.9   261.9   277.3   294.8   316.9   350.7   432.1   630.2  2241.4  75159.0    75134
read      201.8   105.9    54.7   100.6   109.9   179.8   226.7   256.1   274.7   295.9   321.0   360.9   439.5   635.3  3434.8  97195.0    96879
read      211.4    96.1    54.7   110.0   121.1   188.4   228.1   254.6   275.3   301.8   335.6   386.0   485.7   640.9  2442.3 160199.0   160599
read      203.0    84.1    54.7   100.8   110.4   189.5   236.4   260.7   274.9   291.7   312.0   341.9   411.0   540.7  1751.9  71194.4    71249
read      201.8    84.9    54.7   100.4   110.0   186.1   234.5   260.2   275.3   292.6   313.3   343.6   407.7   509.0  1366.2  78642.8    78672
read      204.5    89.1    54.7   101.7   111.5   193.2   238.5   261.2   274.7   290.7   310.2   339.7   404.6   571.8  2024.6  66161.8    66141
read      210.7   100.3    54.7   108.6   119.5   186.7   227.2   254.5   275.6   302.9   337.4   388.4   489.8   699.7  2473.7 157192.2   157119
read      211.2    79.3    59.1   107.4   119.7   209.0   239.9   256.8   268.1   281.3   298.4   329.0   395.6   570.9  1824.6  32393.4    32402
read      211.5   111.3    46.9   102.5   112.5   185.9   234.6   265.5   286.9   312.2   343.6   392.9   497.7   747.4  2902.7 120875.6   120835
read      198.6    88.5    50.7   100.1   109.3   177.2   223.9   253.1   271.8   292.4   317.2   353.6   429.0   579.2  1533.8 101707.0   101524
read      223.9   111.7    54.7   114.5   128.0   201.2   241.9   269.0   290.5   316.9   352.0   404.5   519.3   724.1  1801.5 177342.8   177702
read      207.6    96.5    54.7   107.6   118.3   184.4   224.4   251.2   272.0   297.4   331.6   381.4   480.4   649.9  2399.6 155229.0   154983
read      225.2   107.1    54.7   114.7   128.2   201.7   243.0   270.5   292.6   319.4   355.7   409.7   526.5   730.9  2153.8 175333.2   175537
read      228.4   104.5    54.7   116.0   129.7   204.8   246.7   274.0   296.3   323.7   360.8   416.8   535.1   767.1  2355.4 177614.8   177715
read      205.2    75.7    59.1   108.8   121.5   203.9   230.8   245.7   256.0   268.1   283.3   308.6   365.2   499.7  2380.2  25953.4    26001
read      245.1   154.2    54.7   110.6   122.5   201.3   255.5   293.5   323.9   363.5   421.4   522.0   786.5  1151.6  2815.7 159526.4   159885
read      202.2    95.7    54.7   104.7   114.8   178.9   218.7   246.4   267.6   292.7   324.3   370.6   462.3   622.1  2564.0 144287.8   144266
read      199.9    93.2    54.7   103.7   113.4   176.6   216.5   243.7   264.9   290.0   321.1   367.4   457.4   629.0  2371.6 142522.8   142386
read      211.9    84.6    54.7   105.1   116.4   208.2   243.8   262.2   273.6   289.0   308.9   340.0   401.9   545.4  2126.9  39579.2    39646
read      221.0    99.8    54.7   101.3   111.7   206.6   257.9   284.2   303.8   325.7   351.7   388.6   455.2   563.6  1530.3  63566.2    63535
read      216.2   104.6    54.7   102.9   113.4   192.5   243.2   272.8   294.6   319.8   352.1   399.0   492.5   676.5  2247.4 111722.8   111750
read      229.9   108.1    54.7   116.3   130.2   206.8   249.0   276.2   298.4   326.1   362.8   418.7   538.1   739.4  2447.6 178704.8   178544
read      203.1    94.2    54.7   105.0   114.9   179.5   219.7   247.4   268.8   294.7   327.0   373.6   465.4   631.2  1944.8 143515.8   143598
read      201.1    94.1    54.7   102.6   112.0   177.3   220.4   249.8   270.6   294.6   324.4   368.3   457.8   663.1  2191.3 123044.6   123314
read      199.8    94.9    50.7   101.7   110.9   176.6   220.7   250.0   270.5   293.6   321.4   363.6   448.6   621.5  2279.8 117078.6   116900
read      197.6    96.7    54.7   100.2   109.4   174.6   219.1   248.6   268.6   290.8   317.2   356.3   434.1   621.0  2619.0 111855.8   111580
read      198.6    98.3    54.7   101.8   111.1   174.9   217.2   245.6   266.6   290.7   320.2   364.9   454.4   603.4  2243.7 129001.0   129042
read      198.4    89.1    54.7   102.1   111.3   174.9   217.1   245.7   266.7   290.9   320.3   364.6   449.8   614.1  1740.8 129928.2   129909
read      224.5   105.8    54.7   114.0   127.4   200.5   242.3   270.2   292.4   319.5   355.9   410.5   529.5   739.0  1983.3 176256.0   176569
read      202.9    78.4    59.1   113.9   129.3   201.9   224.9   236.4   246.5   257.1   270.5   291.8   341.1   432.8  1479.5  18634.2    18561
read      214.6   115.7    54.7   100.2   110.2   195.0   246.6   273.3   293.1   315.4   342.9   383.7   463.3   736.6  3524.6  83094.0    82982
read      211.2    90.0    54.7   102.1   112.7   203.6   245.8   266.1   280.0   297.0   319.2   353.1   417.5   501.0  2345.9  53017.0    53156
read      261.2   183.3    59.1   105.9   116.6   200.6   272.4   322.3   362.7   418.4   492.5   605.2   871.3  1280.5  3660.8 141129.6   141177
read      199.9    63.5    59.1   108.2   120.9   199.8   224.8   237.3   247.6   258.8   272.4   295.1   346.0   431.6   975.7  24585.6    24545
read      199.4    68.6    59.1   109.9   124.2   198.3   222.4   234.4   244.2   254.7   268.8   290.3   338.6   450.5  1682.3  17976.4    18002
read      264.3   158.0    54.7   108.4   120.8   228.4   297.3   337.1   366.3   400.2   445.4   522.5   744.4  1383.0  3343.8 131681.4   131807
read      215.8    87.5    50.7   105.5   117.3   211.0   249.9   268.5   281.7   297.7   318.9   351.0   411.1   500.0  2073.1  43110.2    43050
read      222.5    94.1    54.7   103.4   114.8   212.7   259.7   283.1   300.6   320.0   343.5   376.3   436.0   553.8  1851.0  50998.0    51137
read      302.9   198.1    54.7   115.0   129.9   246.0   329.2   385.9   430.7   484.4   553.5   671.6   925.6  1346.9  3444.6 163714.8   163650
read      204.4    86.9    50.7   101.5   111.3   193.1   240.0   261.8   274.9   290.7   309.6   337.6   399.9   625.9  2455.0  65990.4    66060
read      203.7    71.7    59.1   111.7   126.2   203.3   227.8   240.6   250.0   260.9   273.7   295.6   346.6   507.8  1943.0  22216.6    22129
read      197.8    61.9    59.1   110.6   124.7   196.0   219.8   232.5   242.1   252.9   267.2   289.4   344.1   498.0  1981.8  18915.6    18840
read      218.7   102.4    54.7   103.3   114.8   210.2   254.6   275.8   292.6   311.5   334.4   366.7   426.1   508.8  2106.3  48028.8    47897
read      223.3   117.8    50.7   103.8   114.1   190.7   246.4   280.5   305.7   335.4   373.7   436.1   587.2   869.0  2435.8 132625.4   132763
read      202.2    84.9    59.1   110.4   123.8   201.3   226.1   238.3   247.8   258.2   271.6   293.8   345.5   492.8  3886.7  23036.4    23044
read      283.9   172.8    54.7   116.2   131.2   234.4   304.0   350.0   388.0   435.9   501.8   612.8   877.2  1263.3  2453.0 171971.0   171915
read      197.7    82.4    63.8   111.9   126.4   196.6   218.5   230.5   238.8   249.5   263.0   283.2   330.2   515.5  2218.2  19371.6    19334
read      216.0   104.4    59.1   103.3   113.6   190.5   241.0   271.7   294.1   319.8   353.0   402.5   510.0   731.5  1953.3 125320.4   125579
read      205.8    82.0    59.1   105.7   117.1   204.3   234.7   250.7   261.8   273.6   290.7   316.8   375.3   525.7  2168.3  34386.6    34383
read      288.1   196.2    54.7   111.6   124.7   227.3   305.9   358.5   401.7   458.3   532.5   661.3   948.3  1467.6  3503.0 158944.8   159031
read      198.1    91.8    54.7   102.5   111.8   174.6   215.9   243.6   264.7   289.3   319.0   363.2   448.0   600.8  2166.6 134130.6   134136
read      210.5    97.7    50.7   109.5   120.3   186.8   226.5   253.0   274.2   301.2   336.0   386.2   490.6   683.5  2301.3 164461.0   164266
read      196.3    97.2    54.7    98.9   107.9   175.4   222.4   250.4   268.5   288.4   312.2   345.3   417.4   581.6  2418.6  99229.2    99195
read      210.9    85.3    54.7   101.9   112.5   203.2   245.0   265.7   280.0   297.2   319.0   353.5   419.6   522.3  1506.8  51513.6    51531
read      249.2   171.0    54.7   106.3   117.0   195.4   256.0   299.6   334.2   381.0   453.4   569.6   850.3  1278.5  4175.3 146713.0   146794
read      196.7    95.6    54.7    99.6   108.6   174.2   219.6   248.6   268.1   289.8   315.5   352.3   428.6   665.4  2527.8 108391.0   108372
read      196.3    96.0    54.7    99.6   108.5   174.0   219.3   248.2   267.7   289.2   314.5   350.2   425.6   653.9  2425.5 107951.2   107914
read      196.2    96.3    54.7   100.0   109.0   173.5   218.2   247.4   267.3   289.4   315.3   352.7   427.1   574.3  2466.3 111329.6   111421
read      200.4    85.1    54.7   100.3   109.5   185.8   234.7   258.7   273.1   289.8   309.9   338.8   399.7   546.0  1741.0  75140.8    75121
read      208.8    96.7    54.7   102.0   112.1   201.1   243.0   263.1   276.0   292.6   313.7   344.7   409.0   564.5  2537.7  52731.6    52675
read      211.8   101.0    54.7   102.8   112.8   186.6   235.8   266.6   288.7   314.1   345.5   394.0   493.2   686.8  1581.9 120523.0   120632
read      177.8    54.9    63.8   107.9   123.6   176.4   192.4   201.0   208.3   216.1   227.2   244.3   291.6   544.9  1362.0   7418.0     7372
read      287.7   194.6    59.1   110.9   123.5   225.6   309.7   367.0   413.8   470.0   539.8   650.5   895.1  1335.6  4050.5 152097.6   152583
read      199.9    94.5    54.7   100.3   109.4   177.4   225.1   254.0   273.2   295.1   320.8   359.8   435.1   618.0  2425.3 101475.0   101484
read      201.8    69.4    63.8   109.1   122.1   201.0   226.4   239.7   249.6   261.2   274.6   298.0   350.7   461.3  1558.4  23953.2    23959
read      243.8   159.4    54.7   106.2   116.9   193.9   251.4   292.4   324.5   366.8   433.0   548.9   831.6  1258.2  2467.8 146317.8   146209
read      202.1    89.1    54.7   100.7   110.0   186.7   236.0   260.0   274.7   291.6   311.9   341.8   408.8   590.9  2050.5  75153.8    75099
read      210.0    85.3    59.1   103.9   114.9   206.0   242.8   261.1   273.1   288.6   308.2   337.6   396.0   513.1  1994.5  39682.8    39946
read      208.1    83.8    54.7   103.1   114.0   203.1   241.1   259.7   271.9   287.5   307.0   336.1   395.3   506.1  1273.1  38881.0    38762
read      204.9   101.3    54.7   100.2   109.7   183.8   233.8   261.8   280.4   301.7   327.8   367.1   443.9   603.9  2834.8  92522.8    92506
read      218.3   101.6    59.1   111.9   124.2   194.6   234.8   262.4   284.4   311.8   346.4   399.6   506.7   732.5  2112.4 170372.4   169919
read      198.1    88.7    50.7    99.3   108.3   179.5   228.0   254.5   271.3   290.2   312.5   344.1   409.6   547.5  2111.3  88462.2    88331
read      224.5   109.4    59.1   113.7   127.0   199.4   241.0   269.3   291.9   319.9   357.3   413.1   538.9   867.3  2553.8 172402.2   172554
read      198.9    92.4    54.7    99.7   108.8   178.3   226.6   254.5   272.5   292.5   316.2   350.4   422.2   564.4  1983.0  94417.6    94380
read      209.6   105.8    59.1   108.3   119.0   185.0   225.2   252.2   274.0   301.6   336.3   386.8   490.4   699.3  3390.2 156886.2   157069
read      212.4   100.1    54.7   101.2   111.2   199.6   247.3   270.8   287.7   307.2   331.0   365.3   430.9   574.4  1530.5  64193.2    64426
read      202.6    74.8    54.7   105.7   117.6   200.7   230.2   245.5   255.8   268.4   284.5   310.3   366.3   463.2  1695.0  27166.2    27114
read      295.8   200.2    54.7   109.0   120.6   226.8   321.8   386.7   438.9   495.4   565.1   684.0   950.4  1428.9  2678.3 146789.8   146723
read      197.0    96.5    54.7   101.7   110.8   173.5   214.9   242.7   263.8   288.4   318.0   361.2   444.0   614.0  2430.6 129335.4   129322