Timestamp start: 1747215222953
Timestamp end: 1747217023246

#type       avg     std     min      p5     p10     p50     p67     p75     p80     p85     p90     p95     p99    p999   p9999      QPS   target
read      193.7    77.6    63.8   109.5   126.9   193.2   208.5   216.5   222.9   230.5   240.6   260.9   348.5   813.8  2189.7   8247.8     8195
read      203.3    87.9    54.7   109.7   120.2   185.4   222.2   244.7   261.4   280.6   305.0   343.2   459.1   856.0  1745.2 158258.4   158594
read      206.9    99.8    59.1   109.5   120.0   187.2   226.0   249.2   266.1   285.5   310.6   352.5   496.7   992.0  1840.2 149819.6   149766
read      203.3    76.1    59.1   113.4   133.9   200.6   216.2   225.4   231.7   239.9   252.1   275.0   418.2  1080.6  2165.0  10426.8    10382
read      216.6   113.7    54.7   114.3   127.2   196.1   232.9   255.7   272.7   293.4   320.7   370.8   540.4  1053.7  3701.2 170352.6   170548
read      208.5   102.3    59.1   109.5   120.2   187.9   226.8   250.3   267.5   287.5   313.4   358.7   517.4  1015.0  2476.8 150739.2   150565
read      201.3    99.1    54.7   105.9   116.1   182.9   222.8   246.4   263.0   281.5   304.7   340.8   450.5   809.7  2930.6 137048.0   137144
read      227.4   145.1    59.1   109.8   121.2   196.4   240.7   268.0   288.1   313.0   349.0   424.7   719.0  1764.6  2863.6 143615.4   143496
read      237.2   138.3    54.7   113.3   126.4   208.1   256.4   286.3   308.9   336.5   373.8   440.8   637.8  1462.9  3154.0 145100.8   144743
read      215.6   115.2    54.7   105.8   116.2   193.0   239.3   265.4   283.5   304.8   333.4   384.6   539.1  1132.1  3432.6 116544.8   116745
read      206.4   113.9    59.1   105.7   115.9   185.2   226.9   251.2   268.1   287.4   311.9   352.9   503.1  1209.7  3512.5 129194.4   129314
read      217.6   130.7    54.7   108.8   119.6   190.8   233.2   259.7   278.7   301.7   333.4   391.1   595.5  1565.0  3649.0 144736.0   144723
read      224.8   146.3    54.7   106.3   116.7   192.0   239.4   268.1   289.0   314.3   349.7   421.2   753.9  1586.7  3408.1 117594.2   117379
read      226.7   125.2    59.1   107.9   118.9   199.1   248.2   276.8   297.9   323.1   358.4   419.3   615.7  1373.6  2716.1 119788.0   119931
read      230.5   131.2    54.7   110.0   121.5   202.1   251.7   281.5   303.5   330.1   366.2   428.4   613.1  1240.5  3920.3 132035.4   132052
read      234.6   152.8    54.7   111.1   123.0   200.2   247.2   276.3   298.6   326.7   368.0   447.2   761.1  1804.6  3460.7 143258.2   143350
read      242.3   172.5    59.1   112.6   125.5   206.6   254.8   284.9   308.0   337.5   380.0   461.3   777.7  2221.3  3952.5 143850.6   143518
read      257.4   165.7    54.7   119.7   134.5   218.6   266.1   296.3   321.2   357.4   412.3   519.8   856.2  1642.3  3309.0 173209.4   172981
read      218.3   127.1    54.7   104.5   114.5   194.5   243.1   268.7   286.7   307.7   336.1   389.6   592.6  1315.7  3954.3  94225.0    94027
read      249.5   166.9    59.1   118.7   132.7   211.9   255.8   284.4   307.1   337.6   385.8   489.0   872.2  2047.6  3278.5 170315.6   170019
read      293.8   193.0    54.7   129.8   147.7   247.5   305.5   345.2   378.5   421.8   483.2   597.8   951.9  1968.4  4452.6 179093.0   179090
read      219.8   108.5    54.7   102.9   113.5   213.9   249.4   268.4   282.2   298.0   321.1   366.2   498.1  1018.1  2177.0  47115.8    47130
read      213.6   114.3    59.1   104.6   118.7   205.7   228.7   242.2   252.7   267.7   289.3   333.9   506.3  1422.6  3781.2  19555.2    19439
read      237.4   134.6    54.7   110.7   122.8   207.0   258.6   289.7   312.8   340.8   379.2   446.9   659.4  1451.7  2824.7 129065.8   128963
read      215.1   115.3    59.1   108.1   123.6   211.8   233.6   246.4   254.8   267.5   284.4   317.4   454.7  1262.1  4162.0  23778.8    23787
read      215.7    93.2    54.7   106.3   117.7   210.1   247.3   265.0   276.5   291.3   310.6   342.9   458.8  1096.4  2046.7  61757.0    61848
read      206.3   103.4    59.1   104.0   114.1   189.1   232.9   256.0   271.1   288.2   309.8   344.9   470.0  1081.8  2293.0 101976.8   101968
read      207.2    97.7    59.1   104.7   114.7   188.8   232.8   256.8   272.3   290.4   313.5   351.1   492.7  1059.1  1757.1 108912.4   108767
read      206.7   105.9    59.1   103.9   114.0   190.9   235.4   258.4   273.0   289.9   311.1   344.7   457.5   930.9  3064.5  97001.2    97139
read      212.2   113.7    54.7   111.5   122.9   190.4   228.5   251.7   269.0   289.5   316.1   364.3   543.6  1215.0  3315.3 158631.4   158594
read      230.5   137.8    54.7   111.6   123.7   201.4   248.1   277.7   299.9   326.4   362.6   425.4   629.1  1384.9  4670.3 141136.4   141240
read      228.6   109.7    54.7   106.3   118.7   220.9   260.5   281.7   297.1   316.3   340.9   377.3   467.9  1140.5  2755.1  41398.8    41405
read      249.5   135.9    59.1   107.3   120.1   231.1   287.1   317.3   339.0   363.2   391.7   431.9   541.5  1605.9  3579.1  57878.0    57997
read      255.5   168.9    59.1   110.0   122.2   215.1   275.0   312.1   339.5   373.9   425.4   521.1   794.6  1718.5  3995.2 133625.8   133577
read      227.8   113.9    59.1   103.9   114.3   218.2   263.0   285.7   301.6   320.1   345.4   387.3   506.3  1265.6  2462.5  53787.4    53832
read      305.5   194.4    54.7   113.3   128.0   256.2   342.7   395.0   434.8   483.2   546.4   649.5   900.5  1502.4  4163.5 139842.0   139832
read      258.7   168.8    54.7   120.3   135.6   223.1   273.4   306.2   331.3   363.0   407.2   495.2   769.8  1978.8  4243.0 170115.4   170515
read      224.3   127.6    54.7   107.3   118.1   195.7   244.7   275.1   297.3   323.0   356.5   412.5   603.4  1354.4  3335.8 128378.2   128494
read      227.2   151.1    54.7   105.9   119.1   217.7   246.9   263.9   275.7   292.0   314.1   352.1   509.5  2007.2  3947.3  20824.0    20789
read      248.2   137.6    54.7   105.6   117.5   227.9   284.0   315.1   337.4   362.4   392.1   435.2   600.5  1514.3  3407.8  63590.4    63647
read      248.0   151.7    54.7   104.9   116.4   225.2   281.7   312.9   334.7   359.4   389.4   433.7   672.1  1721.4  3481.7  64841.4    64802
read      243.6   141.5    54.7   104.2   115.6   225.3   278.4   307.6   327.5   350.4   378.5   422.6   575.6  1600.5  3293.2  55755.0    55719
read      359.1   210.4    59.1   136.7   162.7   315.8   394.9   446.9   485.7   533.9   598.4   712.0   996.5  1985.5  4303.3 173817.0   174179
read      213.0   105.5    59.1   103.8   113.9   190.7   239.1   267.5   286.9   308.7   335.9   379.3   497.5   973.6  2327.8 106540.0   106356
read      265.0   145.7    59.1   127.0   143.4   235.2   285.6   316.9   341.4   371.9   414.1   488.2   694.1  1509.7  3648.3 178675.0   178750
read      213.5   109.9    54.7   103.7   113.5   190.9   239.9   268.3   287.5   309.3   336.9   381.5   502.6  1058.5  2537.4 105970.0   105831
read      217.5   119.2    59.1   105.0   115.0   192.5   242.4   271.6   291.7   314.3   342.7   391.2   533.6  1269.2  3120.3 110686.2   110667
read      204.3   183.0    50.7    97.4   112.5   190.8   211.7   223.6   232.4   244.4   261.7   296.3   664.2  2320.3  7462.1   8797.0     8803
read      247.2   170.1    50.7   102.1   113.7   224.3   274.6   302.1   321.1   345.7   380.3   438.4   753.5  1892.9  4714.2  45588.4    45662
read      248.4   156.1    59.1   105.5   118.8   231.4   273.7   297.3   314.8   336.8   368.0   425.7   691.2  1574.6  3631.0  30966.2    30867
read      234.1   122.9    50.7   103.9   115.6   226.2   269.9   291.9   307.3   324.5   347.3   389.4   517.3  1328.5  3789.1  45621.0    45656
read      223.9   115.3    59.1   104.6   115.1   200.6   253.0   282.0   302.2   325.4   356.5   404.7   538.4  1167.0  2545.1 100998.6   100938
read      224.8   129.2    59.1   109.6   120.6   197.6   244.8   274.1   295.5   320.3   353.9   409.5   581.4  1254.2  4035.5 132370.6   132360
read      224.3   110.5    54.7   103.4   113.8   211.8   260.8   284.7   300.8   319.5   344.7   387.7   498.3  1048.0  2675.7  67651.4    67591
read      226.5    93.5    54.7   104.3   116.4   226.5   261.4   278.9   291.7   306.9   325.6   358.1   440.1  1002.3  2202.2  33859.0    33910
read      225.4   127.5    54.7   103.7   114.1   204.7   257.6   285.1   304.0   325.6   354.6   400.6   529.6  1309.7  2682.6  85588.0    85729
read      213.1    90.1    59.1   108.6   126.0   210.9   231.5   243.5   252.2   263.9   278.5   309.6   425.7  1120.7  2621.8  12908.0    12884
read      233.0   111.0    50.7   104.2   116.1   225.7   268.7   290.0   305.2   322.3   346.6   392.1   533.6  1187.3  2137.3  45498.6    45621
read      230.1   114.4    50.7   104.5   116.4   227.1   264.1   282.8   295.6   312.0   333.5   370.5   496.4  1097.5  4143.0  36929.4    36938
read      278.1   229.1    54.7   106.5   119.6   241.7   300.4   333.9   359.3   390.4   431.7   507.2  1128.8  2942.7  7238.5  56935.8    56902
read      279.1   237.6    59.1   109.8   122.3   227.6   291.7   330.2   360.1   398.0   454.0   566.4  1199.7  2880.1  4379.1 102351.8   102243
read      237.9   202.5    59.1   104.9   121.3   216.7   243.7   259.9   272.0   288.8   313.6   369.8  1020.0  2637.6  7343.2  14150.4    14085
read      309.9   311.7    50.7   109.6   122.6   238.9   310.5   355.4   390.7   435.9   508.0   680.0  1618.5  3389.7  7692.8  94183.8    94103
read      271.2   263.9    54.7   105.2   116.4   226.5   279.4   309.1   331.8   361.3   403.1   497.3  1386.5  3079.9  7535.1  58058.8    58175
read      410.1   346.2    59.1   129.0   148.5   322.7   433.6   502.4   557.2   630.4   738.0   939.9  1728.9  3415.5  7264.4 151221.0   151312
read      249.7   210.7    54.7   105.0   115.7   212.2   267.6   299.0   321.7   350.6   390.8   460.9   923.7  2788.7  4898.4  83284.4    83333
read      292.3   221.0    54.7   125.5   141.8   242.9   304.4   343.4   374.2   414.1   471.1   591.9  1001.6  2934.7  4803.0 165164.8   165153
read      233.7   142.8    54.7   108.9   119.8   201.2   253.0   285.4   308.9   336.7   372.7   437.4   691.7  1742.9  3296.8 123992.2   123975
read      250.4   179.1    54.7   105.4   118.8   230.7   271.5   294.8   312.6   334.5   365.1   422.1   855.8  2280.2  5726.3  28312.4    28449
read      234.6   180.1    59.1   101.9   117.2   213.2   242.1   259.2   271.8   289.9   317.1   384.6   981.2  2227.5  7263.8  14928.8    14903
read      260.3   192.2    54.7   104.4   117.7   233.8   282.4   309.0   328.2   351.5   383.6   441.0  1070.8  2424.0  5173.6  31131.4    31189
read      269.2   218.1    59.1   105.4   118.9   240.5   296.7   327.6   349.5   374.7   407.9   469.1  1012.8  2269.6  7129.4  40576.4    40636
read      283.9   270.8    50.7   106.1   118.0   230.4   293.1   330.9   360.3   396.1   446.8   557.8  1379.3  3270.5  7565.6  80786.0    80574
read      274.8   194.0    59.1   122.6   138.5   232.5   289.8   325.9   353.8   388.2   435.6   531.3   865.8  2881.8  3942.5 168823.4   168820
read      257.4   168.9    59.1   119.3   134.1   221.9   274.0   308.2   333.9   364.9   405.9   482.8   741.8  2265.7  3845.4 162509.0   162621
read      227.8   155.1    54.7   105.3   115.4   197.9   251.0   281.9   303.8   328.7   361.5   415.0   613.2  2039.0  4917.9 101333.8   101621
read      250.9   243.4    54.7   103.8   114.2   216.8   264.5   289.1   306.9   328.6   360.2   425.7  1308.9  2767.1  7706.1  58479.6    58592
read      273.4   230.7    63.8   117.6   131.9   223.3   280.3   317.0   345.2   381.2   433.4   542.3  1013.4  3087.3  4789.7 153009.8   153042
read      223.0   124.6    59.1   105.8   116.2   196.1   247.1   277.8   299.5   324.2   356.6   406.2   569.3  1218.7  3178.7 112302.4   112238
read      237.8   137.3    59.1   115.6   129.3   209.4   255.9   286.7   309.8   337.3   372.8   434.7   633.8  1240.1  3226.2 159935.2   160265
read      225.8   115.5    54.7   103.8   114.8   218.0   261.6   282.7   297.0   315.0   338.9   378.3   482.9  1170.2  4409.7  57156.0    57109
read      239.3   137.7    59.1   104.9   115.9   213.5   270.1   301.4   323.7   351.1   387.5   443.1   619.1  1496.2  2744.6  88590.0    88551
read      207.5   153.2    63.8   100.0   114.7   198.0   217.7   229.4   237.2   249.4   266.7   302.5   597.2  2065.1  6922.9   8426.6     8385
read      250.4   177.1    50.7   104.3   116.4   233.3   279.3   303.5   320.1   341.4   368.9   416.1   769.0  2393.5  6210.0  34198.2    34088
read      245.5   165.3    54.7   107.1   118.9   212.5   269.4   302.8   327.0   357.1   396.8   465.3   713.6  2004.3  4251.4 113377.4   113600
read      237.6   175.2    54.7   108.0   119.2   199.4   250.6   283.2   307.1   335.7   374.2   451.7   801.4  2392.9  4166.8 131603.8   131842
read      224.4   145.3    50.7   104.8   115.0   193.7   244.8   275.7   297.7   322.9   355.7   410.1   630.9  1816.9  3715.9 112008.2   112066
read      240.9   135.4    54.7   103.8   114.8   220.0   275.1   304.8   325.7   351.0   384.7   435.4   597.1  1397.2  3230.2  72608.6    72585
read      340.1   240.7    54.7   113.9   128.5   269.5   378.6   449.5   501.9   563.1   640.7   775.9  1098.0  2246.6  3922.3 133717.6   133669
read      211.4   105.3    63.8   103.5   118.7   207.1   229.1   241.7   251.3   264.2   281.3   313.8   459.2  1239.9  2784.8  11876.2    11820
read      217.9   107.9    54.7   102.4   117.3   212.3   236.3   251.1   262.2   274.7   294.0   327.2   510.3  1272.1  3446.8  12679.6    12639
read      239.5   143.8    54.7   107.9   119.5   210.3   265.9   297.6   320.2   347.9   387.6   455.3   647.6  1191.7  5171.3 118433.6   118548
read      247.3   143.6    59.1   117.9   132.1   215.2   263.9   295.5   319.4   348.8   389.9   462.1   712.3  1637.3  3229.6 165685.0   165754
read      246.5   206.8    50.7   103.1   113.6   209.1   265.2   297.1   320.2   348.1   385.8   446.7  1020.2  2744.3  4434.1  86954.6    86823
read      224.3   185.2    59.1   101.1   115.1   209.3   234.0   248.8   259.6   272.7   291.7   328.0   902.3  2664.3  7288.0  16889.6    16898
read      350.0   330.0    54.7   111.6   124.8   251.1   352.9   424.4   486.6   567.1   675.8   863.1  1560.3  3451.7  6992.8 122884.2   123124
read      246.1   216.0    54.7   102.1   112.4   212.6   265.6   295.2   316.8   342.7   376.6   431.9  1057.3  2865.2  5528.6  72420.0    72278
read      255.9   194.3    54.7   102.3   114.3   229.8   283.2   312.7   333.9   359.5   392.2   446.4   846.1  2770.8  4669.3  47814.8    47757
read      283.9   239.7    54.7   104.1   117.4   239.4   303.9   339.6   366.3   397.7   438.8   529.3  1291.8  2836.6  7094.7  60473.8    60510
read      235.0   144.9    50.7   100.1   113.3   219.6   256.2   275.9   291.8   311.4   339.7   395.8   781.9  1488.2  3085.0  25229.2    25237
read      339.9   335.4    54.7   112.4   128.4   266.7   347.7   397.1   434.4   484.9   564.6   746.9  1646.4  3547.6  7869.9  97987.0    97783
read      249.9   194.9    54.7   107.8   119.0   206.4   263.6   297.6   323.0   354.8   400.7   498.3   913.7  2437.0  4197.6 119037.0   118966
read      216.1   144.2    54.7   101.7   116.5   205.4   229.3   242.9   252.9   266.8   286.4   326.3   708.8  1595.4  4907.7  16660.8    16631
read      207.4   141.9    59.1    96.1   111.0   196.2   218.5   231.1   240.5   252.4   269.8   307.0   791.3  1595.2  3410.8  11708.6    11743
read      388.3   371.7    59.1   112.8   127.2   283.0   404.2   485.0   545.8   622.3   731.0   945.2  1920.5  3580.4  7696.9 115093.2   115026
read      233.5   147.9    54.7   107.7   118.7   200.6   252.2   284.3   307.4   334.4   370.5   435.9   720.3  1729.4  3259.3 122327.2   122371
read      203.5   209.9    54.7    93.9   108.8   186.9   206.4   217.4   226.6   236.3   253.3   293.7   789.0  3185.3  7942.0   7195.8     7198
read      232.0   139.0    54.7   101.4   114.6   217.4   253.1   273.2   288.8   308.0   335.1   385.3   748.4  1417.1  3512.4  25069.6    25022
read      393.4   346.9    59.1   128.0   147.9   307.7   408.7   474.6   527.4   592.7   688.1   873.6  1800.3  3475.7  7685.7 157746.4   157513
read      285.8   171.0    59.1   128.7   146.4   250.1   305.4   340.3   367.7   401.8   452.6   547.0   851.3  1789.8  3828.2 172285.6   171975
read      273.6   182.5    54.7   119.9   135.1   229.7   286.9   323.0   351.9   389.4   445.0   555.1   919.8  2036.3  4114.5 154738.4   154918
read      255.6   170.0    54.7   113.9   127.2   214.6   268.9   303.7   329.8   362.8   410.4   514.6   871.7  1846.7  3447.2 138983.2   139185
read      256.2   178.3    59.1   117.3   131.4   218.4   270.1   303.0   328.3   360.0   403.2   490.7   817.4  2301.8  4089.9 152990.6   152724
read      229.0   137.1    54.7   101.3   115.1   212.3   243.1   261.9   275.3   294.3   322.0   388.8   854.4  1378.8  2505.7  20957.8    20845
read      448.2   406.2    59.1   126.0   145.6   349.4   482.8   561.5   620.8   693.9   806.0  1023.4  2316.5  3687.4  7837.2 140149.0   140348
read      248.9   227.1    54.7   105.0   115.9   208.5   261.8   292.5   315.1   342.6   380.8   447.3  1180.1  3021.8  4730.4  88639.4    88725
read      254.2   185.7    59.1   111.7   124.1   211.7   267.5   303.0   329.6   363.1   411.8   515.6   861.3  2192.1  3839.7 134290.0   134088
read      239.6   183.1    54.7   104.3   114.7   213.8   264.0   291.1   310.8   334.6   366.5   418.7   732.2  2499.2  3970.2  66102.4    66126
read      255.6   237.3    54.7   104.6   115.4   215.1   269.2   300.8   324.1   352.9   391.3   455.8  1257.2  3004.1  7097.9  78266.8    78214
read      269.8   245.6    54.7   103.9   115.8   230.8   287.2   318.9   342.5   371.2   409.0   481.1  1206.3  3076.9  7630.8  55222.6    55191
read      267.5   191.1    54.7   103.7   116.7   235.2   295.9   329.1   352.8   380.7   417.6   482.1  1015.2  2423.9  4230.2  54052.2    54081
read      391.6   375.8    59.1   113.6   128.7   293.8   409.4   484.8   542.5   615.3   721.8   936.4  1862.2  3706.8  8280.6 112455.8   112478
read      272.8   164.8    54.7   127.3   144.0   240.8   293.3   325.6   350.9   382.2   425.1   501.0   760.7  1885.2  4247.0 179543.6   179666
read      228.3   142.6    59.1   105.2   115.4   198.8   251.5   281.9   303.2   328.1   361.4   418.6   645.6  1920.0  3050.1 100518.6   100584
read      232.7   156.2    59.1   108.8   119.6   199.2   249.1   280.9   304.2   331.0   367.1   432.8   731.9  1860.5  3832.9 127663.2   127920
read      196.6   234.8    59.1    90.5   104.1   180.6   198.9   209.3   216.5   226.6   239.8   270.4   790.0  3349.1  7959.7   6547.6     6594
read      227.7   128.6    54.7    99.8   112.9   215.0   250.8   270.4   285.0   302.4   326.9   373.4   727.3  1322.9  3362.8  24927.0    25020
read      376.2   372.4    59.1   115.1   129.6   266.3   373.2   449.3   513.3   598.7   719.8   936.8  2058.3  3475.0  7597.1 129673.8   129587
read      202.2   131.9    59.1    97.2   112.6   191.8   213.3   225.3   233.7   245.8   262.3   295.7   683.3  1485.8  3897.7  10306.6    10277
read      412.8   414.9    59.1   123.0   140.4   304.4   415.8   492.1   554.7   634.5   746.1   962.1  2658.2  3746.9  7873.4 147947.8   148458
read      244.9   199.6    54.7   103.7   114.1   216.1   267.3   295.3   316.0   340.9   373.3   427.5   899.9  2857.6  5527.5  66116.2    66114
read      264.3   196.6    50.7   103.7   116.3   233.9   290.8   321.3   343.7   370.5   404.1   466.6  1017.7  2444.0  3757.0  49306.0    49261
read      390.9   401.7    59.1   116.3   131.4   278.5   390.5   467.7   532.9   615.5   732.6   947.2  2313.8  3732.5  7880.5 133192.0   133049
read      223.2   167.8    54.7   104.7   114.7   194.9   246.3   276.2   297.0   320.4   350.6   400.4   575.1  1922.2  7383.7 106732.4   106628
read      222.0   122.4    54.7   103.2   116.3   213.0   241.9   258.0   270.3   285.9   307.7   349.5   604.3  1363.4  2736.4  23352.4    23498
read      343.9   305.5    54.7   116.5   134.3   274.4   359.2   409.9   447.6   496.2   574.9   745.6  1528.7  3454.1  7388.8 103317.2   103564
read      284.5   203.9    59.1   123.2   139.4   237.3   296.3   333.8   363.4   400.6   458.0   575.5   995.6  2573.9  4759.8 161422.2   161774
read      244.3   170.1    59.1   104.0   116.1   226.5   269.3   292.8   310.7   332.4   362.5   416.5   734.3  2368.6  3882.0  39257.6    39037
read      373.3   372.7    63.8   129.3   148.8   291.6   371.6   423.9   465.8   523.4   611.7   795.0  2375.1  3709.9  7828.9 163666.0   163622
read      256.1   186.7    59.1   112.6   125.5   213.8   267.7   301.6   327.4   360.1   406.9   510.9   917.2  2244.2  3893.3 132459.2   132405
read      232.2   144.1    54.7   109.5   120.5   200.2   250.2   281.7   305.0   332.1   367.5   431.5   690.8  1690.0  3432.8 131748.6   131596
read      283.4   180.2    59.1   127.9   144.8   245.6   301.5   336.7   364.3   398.8   449.0   543.1   864.6  2054.0  4421.2 174374.6   174543
read      242.6   217.9    54.7   104.2   114.6   204.4   257.4   287.8   309.7   335.8   371.1   434.9  1023.9  2783.9  6996.8  90651.6    90567
read      236.5   170.5    54.7   106.1   117.1   200.2   253.4   285.9   309.1   336.9   374.4   447.3   783.8  2238.8  3873.3 116574.4   116582
read      211.0   174.0    59.1   100.5   115.7   199.9   221.9   233.5   243.0   253.7   270.7   303.4   662.3  2462.5  7175.1  13882.2    13888
read      300.6   266.8    59.1   110.2   123.0   234.0   308.7   355.3   392.7   442.5   521.5   679.4  1291.5  3162.7  6304.7 119191.6   119224
read      254.8   171.1    54.7   115.5   129.4   215.1   267.5   301.5   327.5   360.2   405.5   501.7   839.5  2001.1  3580.6 156422.8   156471
read      269.3   174.9    54.7   120.8   136.4   229.2   283.9   318.6   345.5   380.2   430.9   535.4   866.7  1878.2  3907.3 164149.6   164013
read      244.2   175.2    54.7   103.0   114.7   225.2   270.0   294.6   312.8   334.9   365.0   417.5   744.5  2486.3  4071.8  41998.8    41909
read      388.3   381.8    59.1   115.8   131.4   280.5   393.5   472.8   534.7   611.6   723.4   941.1  2053.4  3598.2  7822.9 128288.2   128280
read      226.0   145.6    59.1   104.7   114.9   195.6   248.1   278.4   299.8   324.1   355.8   408.9   667.3  1883.7  3736.8 107124.8   107066
read      247.0   180.6    54.7   102.7   114.1   225.1   271.7   297.5   316.5   339.6   370.3   423.3   883.3  2375.6  3545.9  46023.6    46119
read      204.4   152.0    54.7    95.8   111.2   192.1   213.4   225.6   233.9   246.1   262.7   295.7   788.6  2063.5  4041.0  10203.2    10227
read      204.2   127.0    59.1    95.7   110.7   192.5   214.4   226.8   235.1   247.9   265.9   308.1   749.7  1417.5  2522.0  10922.4    10870
read      411.6   395.6    59.1   123.6   142.8   310.3   420.1   493.8   550.9   625.2   734.7   944.0  2381.0  3561.0  7816.5 146483.6   146664
read      212.7   118.2    50.7    99.8   113.2   204.2   231.1   246.1   256.9   270.6   290.6   328.8   604.2  1350.3  2891.7  19822.8    19865
read      372.9   351.1    54.7   111.7   126.2   286.7   395.3   462.2   512.1   574.6   665.0   855.6  1765.1  3487.3  7622.1 113486.8   113409
read      234.3   187.5    50.7   102.7   112.7   207.8   257.6   284.0   302.7   325.0   355.3   404.3   754.0  2535.8  4670.2  70485.6    70623
read      262.1   221.1    54.7   102.4   114.2   228.5   284.0   314.7   336.9   363.7   398.5   462.6  1139.3  2667.2  7084.4  52661.8    52633
read      338.0   355.8    54.7   109.6   122.8   254.2   337.8   391.9   434.8   491.9   578.3   768.6  1920.4  3653.4  7864.1 104619.8   104630
read      243.2   161.8    59.1   102.2   114.1   223.8   268.8   293.2   311.5   333.8   364.3   418.9   809.8  2247.4  3516.9  42501.8    42594
read      308.3   298.7    54.7   109.3   122.9   244.1   313.2   355.5   388.4   429.6   491.0   646.5  1529.1  3187.6  7666.2  95301.4    95196
read      257.7   201.5    59.1   103.2   114.8   226.4   279.2   309.2   331.0   357.9   394.8   462.9  1049.5  2516.6  4392.3  52373.6    52243
read      243.7   180.6    59.1   101.1   113.2   223.2   268.3   293.0   310.9   332.2   361.8   413.4   832.8  2463.8  4993.5  36993.0    37031
read      248.5   185.1    54.7   102.2   114.2   226.6   274.6   301.0   319.5   342.2   372.6   428.6   822.3  2236.1  6065.8  39826.0    39878
read      294.0   284.5    59.1   108.6   120.8   228.7   298.2   340.5   374.6   421.4   490.4   631.7  1446.7  3187.6  7649.1 110895.2   110750
read      195.7   149.4    54.7    95.7   110.1   187.5   206.5   216.7   225.2   234.6   249.6   279.1   569.4  2034.4  7506.6   8212.8     8231
read      279.6   214.8    54.7   105.4   118.7   239.7   304.0   340.1   366.4   397.5   437.3   518.3  1224.7  2549.2  3743.6  63587.0    63638
read      268.8   352.6    54.7   105.0   116.4   218.3   276.7   311.3   337.7   370.9   417.9   514.5  1324.6  3032.2  7030.6  90042.0    90167
read      253.2   197.9    54.7   102.3   113.9   225.6   277.8   307.3   328.1   353.7   387.7   444.6   924.5  2712.7  4519.5  50610.8    50555
read      215.5   187.6    59.1    98.0   112.4   201.2   226.7   240.6   251.4   265.3   284.4   323.5   716.4  2597.4  6771.3  15999.2    15997
read      255.3   190.5    54.7   102.4   114.6   230.0   281.4   309.5   329.5   354.0   387.7   445.6   907.5  2398.1  5080.8  43080.8    43089
read      210.2   143.3    59.1    97.4   113.0   197.8   221.4   234.3   245.2   258.0   277.6   322.3   678.2  1628.5  3904.2  12220.4    12188
read      283.7   251.2    54.7   106.6   119.5   234.2   297.4   334.5   362.7   396.8   443.5   543.8  1339.0  2876.0  7571.3  76629.8    76615
read      269.3   225.0    59.1   113.3   127.0   218.5   277.1   314.1   342.2   378.2   431.3   537.5  1095.9  2850.5  5422.0 143151.8   143480
read      234.0   182.0    59.1   102.0   112.1   210.2   258.8   284.7   303.1   324.6   354.8   402.8   664.3  2367.6  3942.9  63706.8    63793
read      245.1   257.2    54.7   102.2   112.2   208.7   259.6   287.5   308.2   333.4   367.7   428.9  1174.9  3018.0  8965.2  72010.6    71996
read      247.9   174.9    54.7   104.3   116.9   231.2   277.6   302.4   319.9   341.5   369.5   417.2   696.7  2264.4  5467.9  41741.4    41778
read      228.6   139.5    59.1   101.3   114.6   213.5   246.3   265.0   278.9   296.6   323.2   377.9   754.3  1467.8  3427.9  21774.0    21860
read      248.7   154.8    54.7   103.5   115.6   229.6   280.0   307.0   326.2   348.6   379.0   430.7   732.6  1606.6  3527.8  45344.0    45582
read      234.8   118.7    50.7   104.4   116.1   216.5   270.5   299.3   319.3   342.6   371.8   419.8   537.8   934.2  2715.3  81972.2    81972
read      228.2   102.1    54.7   104.5   116.8   224.4   264.7   284.8   298.2   315.0   336.8   371.7   464.5   957.8  2304.6  42848.0    42852
read      227.9   118.1    50.7   103.2   114.8   219.8   264.9   287.4   302.8   320.0   343.0   380.5   476.7  1055.8  3810.4  51732.2    51852
read      227.3   112.5    50.7   105.6   116.8   204.6   257.1   286.5   307.1   331.1   363.0   415.2   545.7   930.1  2297.8 109315.4   109368
read      223.8    99.6    59.1   102.8   114.2   216.9   260.6   282.2   296.8   314.8   337.9   374.8   471.3   856.0  1870.4  55778.8    55794
read      227.8    97.0    50.7   105.9   119.0   226.1   262.1   280.3   293.2   308.8   328.3   362.2   458.0   871.7  1989.2  35677.4    35534
read      217.2   106.8    54.7   102.7   113.0   199.3   250.0   276.0   293.7   313.7   339.4   381.3   483.8   945.0  2606.6  90846.2    90576
read      212.3   102.3    54.7   102.7   112.7   193.2   243.0   269.7   287.3   306.9   331.1   369.2   481.2   955.6  1851.6  94912.2    95085
read      212.2    97.7    50.7   103.2   113.3   192.2   241.8   269.2   287.5   307.9   333.4   373.0   481.1   839.9  1843.0  99840.4   100029
read      213.4    99.5    59.1   102.8   113.1   202.8   250.0   271.8   286.3   302.3   321.5   354.7   438.9   755.5  2180.4  72855.8    72551
read      211.7    95.8    54.7   102.3   112.4   196.2   246.1   270.7   286.8   304.6   326.4   362.0   455.7   799.4  2314.2  84581.0    84629
read      213.1    98.9    54.7   102.7   112.9   202.1   250.1   272.1   286.6   302.4   321.0   353.7   443.9   857.7  1942.1  74320.6    74136
read      212.0   114.4    54.7   106.2   116.6   188.5   233.7   262.4   283.0   306.4   335.2   379.8   492.3   851.7  2912.1 130908.2   130756
read      215.1    98.4    54.7   103.4   113.9   205.7   251.9   272.6   286.8   302.4   321.4   355.2   448.0   883.7  2568.7  69747.6    69916
read      213.1   103.5    50.7   102.6   112.8   201.9   249.1   270.7   285.1   300.8   320.3   354.3   449.1   907.2  3499.0  71881.2    72019
read      217.1   117.6    54.7   103.1   113.4   201.0   249.9   273.0   288.7   306.4   328.7   367.7   503.0  1308.9  3109.9  78127.2    78070
read      213.6   128.1    59.1   103.1   113.1   191.6   240.9   268.2   286.6   307.4   333.3   374.4   504.3  1158.5  3744.5  99461.0    99548
read      221.5    92.4    46.9   105.5   118.0   221.0   253.8   270.6   282.9   296.5   316.1   346.6   441.1   829.7  1971.2  36351.8    36393
read      364.2   204.0    59.1   132.7   156.2   323.1   412.9   465.3   503.8   551.2   617.9   729.9   997.1  1435.1  3474.9 172489.0   172591
read      197.2   103.1    50.7   107.6   123.5   196.6   215.7   226.3   233.4   242.8   253.8   274.2   356.6   746.6  5726.7   8309.2     8325
read      225.6   117.1    54.7   101.7   112.5   211.1   262.8   289.5   307.9   328.6   355.1   395.7   486.9   741.2  3089.4  73461.8    73684
read      222.4    94.6    54.7   102.0   113.1   217.1   260.4   281.5   295.8   312.9   334.8   370.2   462.4   788.0  1700.0  48441.2    48420
read      187.0    76.8    59.1    99.6   114.5   185.7   203.8   214.2   221.7   231.0   244.1   268.0   371.4   798.8  3132.1   6835.6     6828
read      228.4   119.1    59.1   106.5   117.9   203.0   255.0   284.7   306.2   331.5   365.4   422.4   575.1  1078.5  2461.3 118494.8   118747
read      194.1   105.3    54.7   103.2   120.0   192.3   210.7   220.5   228.1   235.7   249.7   271.9   392.3   995.1  4215.6   7115.6     7123
read      349.4   197.9    54.7   136.5   159.9   305.3   385.3   435.6   473.5   522.5   588.9   702.5   981.8  1527.1  3849.5 175128.8   175577
read      228.9   119.6    59.1   112.0   124.4   202.3   248.4   277.3   299.0   325.0   359.9   418.2   593.7  1237.4  2728.8 147294.0   147498
read      221.9    97.9    50.7   105.2   117.4   221.0   252.9   270.2   282.9   297.0   317.3   350.2   444.6   904.1  2926.2  35800.4    35814
read      234.0   110.1    50.7   103.1   114.6   222.3   272.0   297.5   315.2   335.9   363.4   407.3   518.1  1092.9  1847.4  59310.8    59488
read      353.4   210.6    59.1   132.1   155.1   306.5   393.6   448.2   488.7   538.5   606.1   722.5   996.0  1488.7  3704.9 167731.6   167483
read      211.7   102.0    54.7   102.4   112.3   194.2   244.1   269.5   286.3   304.9   327.9   365.9   471.8   872.9  2800.9  89042.4    88988
read      204.4    76.2    59.1   110.0   127.7   202.5   222.2   232.7   241.1   251.4   266.5   292.4   400.5   888.3  2200.4   9976.6     9869
read      226.8   127.2    54.7   105.4   116.5   200.9   252.7   282.2   303.0   327.4   360.6   417.2   587.0  1230.9  2585.8 111414.2   111786
read      215.2   114.2    54.7   102.9   113.0   194.4   244.6   271.2   288.9   309.1   334.9   378.3   517.2  1094.1  2457.1  92882.8    92736
read      259.2   126.7    50.7   125.8   142.0   232.3   281.5   312.3   336.1   365.5   404.3   471.5   654.5  1156.1  2975.5 178345.4   178657
read      213.7   108.1    50.7   103.4   113.5   190.8   239.7   268.3   287.7   309.4   336.6   380.8   514.7  1040.6  2319.2 108929.0   108877
read      214.4    89.1    54.7   107.8   123.3   211.7   235.0   248.8   258.8   271.2   289.1   319.6   443.7  1037.8  2951.3  19121.4    19091
read      232.0   116.2    54.7   102.9   114.2   219.1   269.9   296.0   314.4   335.4   362.3   404.2   507.1   966.1  3054.2  65894.8    65772
read      233.3   116.1    54.7   102.8   114.1   215.4   268.6   296.7   316.4   339.3   368.9   418.2   544.9  1099.2  2100.0  79150.6    79060
read      227.4   169.9    59.1   104.4   115.0   199.9   251.9   280.5   300.3   322.8   354.6   411.9   658.3  1556.5  2895.6  99891.6    99953
read      223.0   111.1    54.7   108.6   123.0   217.6   244.3   259.3   270.3   284.3   303.2   341.4   536.7  1280.7  3687.3  24370.6    24354
read      283.4   196.4    50.7   114.1   128.3   228.8   297.8   342.6   379.9   431.2   503.9   627.8   956.9  1732.4  3454.9 144197.0   144236
read      249.5   129.7    54.7   121.0   136.2   221.4   269.0   299.4   322.2   351.3   390.7   458.3   659.6  1332.4  2749.5 167892.4   168093
read      213.3    73.6    54.7   106.9   121.1   213.9   238.3   252.0   262.3   273.5   290.6   317.9   401.6   750.2  1468.9  22065.6    22028
read      232.0   107.9    54.7   103.4   114.6   216.9   270.2   298.4   317.7   340.4   369.1   413.1   505.8   722.6  1668.1  77247.0    77499
read      241.4   129.8    54.7   110.5   122.8   213.7   268.4   299.8   322.5   350.3   389.7   457.0   637.5  1029.5  2535.6 128540.0   128271
read      212.8   103.6    54.7   106.5   116.9   190.1   235.4   264.6   284.8   307.7   335.7   379.5   492.7   864.9  2133.0 127019.8   126673
read      220.4    90.9    54.7   104.0   115.4   219.7   256.2   274.3   287.9   303.1   321.7   354.6   433.8   709.1  2252.3  43634.0    43605
read      224.2   105.8    54.7   104.6   115.6   203.0   256.0   284.8   304.9   328.2   358.8   405.0   511.1   821.2  1983.2 103375.6   103217
read      209.8   105.9    54.7   102.2   112.0   191.0   241.1   267.3   284.3   302.8   325.5   363.2   460.8   923.1  2846.8  93755.0    93706
read      216.0   100.2    50.7   107.0   120.7   216.4   241.9   255.6   266.2   277.7   294.2   320.4   398.4   889.4  2729.1  23227.2    23247
read      228.9   110.6    46.9   102.9   114.0   213.4   266.1   293.8   312.8   334.5   361.8   403.0   498.2   849.8  2384.2  77377.6    77378
read      203.2    81.5    54.7   106.9   124.4   201.9   222.2   232.9   241.4   251.4   265.6   289.7   383.5  1142.3  1848.6  10534.6    10495
read      266.1   151.4    59.1   112.3   126.1   231.9   295.8   332.4   360.7   396.4   446.6   531.0   743.9  1194.0  2660.5 134472.6   134841
read      211.6   102.0    59.1   105.3   115.5   189.1   235.5   264.6   284.6   306.8   333.9   375.5   488.2   908.1  2379.4 120782.4   120602
read      219.8    85.5    59.1   105.5   117.5   220.9   252.3   268.5   280.1   294.1   313.0   342.5   430.2   751.8  2010.9  37032.6    36975
read      285.3   184.6    59.1   115.3   129.5   232.0   304.1   350.7   390.3   442.8   514.9   629.7   894.5  1336.3  3125.5 151583.0   151323
read      209.9   103.8    54.7   102.9   112.7   188.9   237.3   265.3   283.9   304.5   330.1   370.3   479.7   841.7  2337.4 105401.8   105217
read      212.8   106.3    54.7   104.2   114.4   190.2   238.1   266.8   286.2   307.9   334.8   378.6   500.1  1006.9  2402.5 110625.8   110653
read      213.0   109.2    54.7   106.6   117.1   190.1   235.3   264.4   284.9   308.1   336.5   380.7   493.5   833.0  2733.9 127623.8   127593
read      209.4    96.1    59.1   103.0   112.8   189.7   238.7   266.4   284.4   304.3   328.3   366.6   466.1   784.1  1836.9 100919.6   101096
read      223.9   104.0    54.7   114.1   126.8   201.3   244.5   272.3   293.4   318.1   349.9   399.6   515.1   782.0  2105.6 159249.2   158958
read      216.0   104.5    59.1   108.6   119.4   192.5   237.1   266.1   286.9   310.7   340.0   387.5   509.5   935.7  2422.7 136638.2   136541
read      236.9   127.4    59.1   117.8   131.5   211.7   257.1   286.6   308.7   335.2   369.9   427.4   573.5  1084.9  3963.2 165033.8   164999
read      232.8   107.9    50.7   117.6   131.1   209.4   253.3   282.0   303.7   329.5   363.2   417.5   550.1   885.9  2450.0 164463.8   164911
read      211.5   101.7    54.7   102.2   112.2   194.5   244.3   269.6   286.2   304.5   326.8   364.1   465.6   880.5  2296.5  87813.0    87904
read      239.0   111.5    59.1   119.7   134.1   215.2   260.5   289.6   311.6   338.2   373.0   430.9   567.5   881.1  2447.4 169404.0   169356
read      217.3   101.8    54.7   105.0   115.8   208.6   253.9   273.9   287.8   303.1   321.4   355.7   456.1   909.0  3080.8  67705.4    67870
read      248.0   117.2    59.1   126.2   140.8   222.5   267.7   296.3   318.3   345.2   382.8   445.7   620.2  1116.8  2738.6 167898.4   167602
read      253.3   131.6    54.7   125.4   140.9   226.1   272.7   302.6   325.6   354.6   393.7   459.7   646.6  1243.7  3186.5 170012.2   170450
read      210.8    96.0    54.7   102.2   112.2   200.4   249.1   271.0   285.3   300.6   319.1   346.7   421.9   703.4  2434.5  72762.4    72942
read      209.8    78.6    50.7   111.9   130.2   212.1   231.9   243.1   250.9   260.6   272.2   292.0   336.8   730.4  2347.0  13873.8    13873
read      226.4    92.8    54.7   103.9   115.4   226.0   268.3   288.9   302.7   317.7   337.2   366.1   428.6   539.7  2052.7  45222.0    45295
read      300.4   201.8    54.7   115.1   128.9   240.1   320.7   373.4   419.3   477.9   557.3   686.2   973.7  1471.4  3339.9 157501.0   157697
read      203.0    91.5    54.7   102.3   111.7   181.3   229.4   258.5   278.1   299.3   323.6   359.5   433.3   610.4  2318.4 117117.8   117232
read      204.7   100.9    54.7   101.1   110.4   184.6   235.3   263.8   282.0   301.3   323.6   357.1   426.6   619.6  2469.5 101207.2   101152
read      224.8   158.4    54.7   103.0   114.2   220.9   264.0   284.9   299.0   315.8   336.4   367.2   434.5   664.2  3899.9  50276.8    50333
read      268.7   160.0    54.7   110.2   122.6   227.8   297.7   337.3   368.3   408.7   466.3   562.2   796.5  1217.9  2846.4 136447.0   136447
read      211.6    98.5    59.1   110.4   121.4   189.3   230.4   258.0   279.2   303.9   333.8   376.4   469.9   635.2  2947.8 158435.4   158298
read      212.7    92.0    54.7   101.9   111.9   204.1   252.6   273.9   288.1   303.7   322.1   351.8   423.1   589.8  2100.9  69277.2    69328
read      284.2   186.3    54.7   116.7   130.9   232.6   302.9   346.7   383.5   432.9   504.3   623.5   909.7  1369.0  2700.9 164367.0   164566
read      208.5    88.8    54.7   101.8   111.6   200.0   248.0   269.1   282.7   296.9   315.2   341.9   402.1   561.0  1683.5  70794.4    70740
read      203.1    91.1    54.7   101.4   110.6   182.9   232.5   260.9   279.6   299.3   321.7   355.5   429.7   622.2  2005.1 106728.0   106915
read      202.4   101.8    54.7   103.1   112.6   180.0   225.6   254.3   274.6   296.8   322.6   360.6   438.5   605.5  2830.6 126478.4   126425
read      206.5    94.1    50.7   100.9   110.5   193.7   244.3   267.8   282.6   297.8   316.7   343.6   404.6   592.9  2516.4  79193.4    79083
read      206.2   100.0    54.7   106.1   116.1   183.6   226.5   254.7   275.6   299.6   327.7   368.3   459.5   663.7  3111.6 143219.8   143445
read      218.1    95.0    59.1   113.0   125.1   195.6   236.3   264.9   286.5   311.7   342.3   390.5   497.6   723.1  1831.3 165202.6   165502
read      219.5    99.2    54.7   105.4   117.3   222.1   255.0   271.2   283.0   295.8   313.7   340.7   402.0   559.5  3652.2  40843.6    40820
read      221.2   126.6    54.7   107.1   121.1   224.6   251.9   266.3   275.5   288.1   302.5   324.3   374.5   655.5  8060.5  25043.4    25097
read      219.3    83.3    54.7   106.0   119.6   223.1   252.0   267.0   277.1   290.0   305.7   328.8   379.0   586.4  1965.3  26739.0    26808
read      224.6   115.8    50.7   101.5   112.1   212.4   264.1   291.1   309.3   329.3   353.5   391.7   465.9   579.6  3002.4  72954.6    72990
read      208.8   101.0    54.7   102.3   111.9   187.0   236.3   266.0   285.8   307.6   333.7   372.3   461.7   631.1  2742.6 114215.2   113963
read      202.2    92.1    54.7   100.4   109.8   184.0   234.0   261.4   278.4   296.4   317.5   347.1   414.1   566.8  2268.9  97358.8    97475
read      213.4    82.9    54.7   110.6   127.4   216.0   237.9   250.3   259.0   269.3   282.7   303.8   350.4   715.0  4283.6  18698.4    18649
read      330.5   204.8    59.1   117.4   132.2   275.2   375.8   439.6   482.8   533.8   601.1   720.3   975.6  1428.1  2671.9 150360.8   150293
read      204.2    95.7    59.1   104.7   114.2   182.4   229.5   258.3   278.2   299.7   324.3   360.5   435.1   590.6  1642.6 119603.2   119407
read      207.6    87.1    54.7   103.4   113.1   195.1   245.1   268.5   283.2   298.6   317.5   344.5   404.7   542.3  1373.3  80006.6    79895
read      207.0   100.8    54.7   108.0   118.0   184.6   227.9   256.3   277.2   300.8   328.2   367.2   451.8   617.6  2621.9 137440.6   137569
read      203.7    97.5    54.7   103.0   112.4   181.6   230.1   259.7   279.2   299.7   323.0   357.1   430.1   774.2  2808.6 109866.6   109784
read      225.0    95.5    54.7   107.1   118.3   221.8   265.4   286.0   299.7   315.9   336.4   366.7   431.9   574.7  2275.2  52279.6    52195
read      218.6   110.7    54.7   104.0   114.2   198.0   252.0   281.2   300.7   322.0   347.7   388.6   471.9   667.9  3973.5  96864.4    97072
read      209.1    93.0    59.1   103.1   113.1   197.2   248.7   271.8   286.1   301.2   318.4   343.3   394.5   499.6  3504.4  75216.8    75134
read      204.2    86.0    54.7   102.5   111.9   184.7   236.0   264.6   283.0   302.1   322.8   352.2   409.8   548.6  1325.6  96633.2    96879
read      211.0   102.4    54.7   113.2   124.4   189.0   228.2   254.5   275.7   301.0   331.1   372.7   463.5   627.1  2142.5 160658.0   160599
read      209.3    85.1    54.7   103.9   114.0   199.7   249.5   271.4   285.1   299.2   316.0   340.0   387.6   489.5  2247.2  71376.6    71249
read      207.8    89.7    54.7   103.0   112.9   194.3   246.4   270.6   285.7   301.3   318.6   343.3   393.2   503.1  2310.6  78581.0    78672
read      223.0    94.9    50.7   104.6   115.3   212.4   263.7   288.7   305.4   323.3   345.2   378.3   449.5   555.4  1354.7  66141.2    66141
read      339.5   210.8    54.7   121.2   137.3   288.6   387.3   448.1   489.8   539.7   607.3   728.2   985.8  1483.9  2841.8 156893.6   157119
read      218.9    85.5    54.7   109.1   121.2   222.8   252.7   268.0   278.3   290.9   306.6   329.7   378.3   685.5  1872.4  32387.2    32402
read      226.3   107.3    54.7   108.9   120.0   202.2   254.1   284.8   306.5   331.4   363.4   414.2   527.3   743.4  2245.6 120967.4   120835
read      204.5    93.1    54.7   103.0   112.4   183.7   234.1   263.2   282.2   301.9   323.6   354.9   418.2   728.7  1974.8 101403.8   101524
read      230.2   110.5    54.7   121.2   134.7   207.4   248.4   275.8   298.0   324.4   357.7   406.8   522.6   753.7  2574.3 177588.0   177702
read      208.6    93.1    54.7   111.7   122.5   186.1   226.1   253.3   274.8   300.0   329.5   370.0   455.4   602.5  2190.2 154934.8   154983
read      224.2   111.0    54.7   119.9   132.7   202.2   241.6   269.0   290.5   315.6   346.3   394.2   494.9   650.1  3641.9 175505.0   175537
read      228.1    97.8    54.7   121.8   135.0   206.0   246.2   273.5   295.4   321.3   354.6   402.7   506.7   681.9  1710.8 177840.8   177715
read      216.9    74.3    54.7   110.4   123.6   221.6   247.8   261.7   271.1   282.6   295.6   317.0   361.5   579.6  1917.0  25938.2    26001
read      328.2   199.3    54.7   122.8   138.7   276.2   368.1   427.6   469.4   519.1   586.0   698.7   964.5  1406.4  2713.4 159800.6   159885
read      203.8    90.4    59.1   109.1   118.8   181.5   222.2   250.1   271.5   295.9   323.7   362.6   436.4   564.2  1480.0 144316.0   144266
read      203.3    85.3    50.7   108.6   118.3   180.9   222.3   250.5   272.0   296.0   323.3   361.8   433.8   561.4  1481.0 142412.6   142386
read      219.4    80.2    54.7   107.6   119.1   222.2   257.0   273.6   285.9   299.0   316.0   341.0   392.8   506.3  1483.4  39484.2    39646
read      226.1   113.3    54.7   104.8   115.5   214.9   266.6   292.8   309.9   328.5   350.3   383.1   452.1   588.9  3776.9  63406.0    63535
read      211.6    95.3    54.7   104.9   114.8   189.1   239.8   270.1   290.5   312.7   339.0   377.1   459.4   593.2  2128.5 111739.4   111750
read      230.4    96.5    50.7   122.0   135.6   207.8   248.8   276.9   299.4   325.8   359.2   408.3   519.7   695.7  1410.8 178479.8   178544
read      205.7    92.3    50.7   109.5   119.2   183.0   224.6   252.7   274.1   298.3   326.6   365.4   444.5   601.5  2535.4 143502.4   143598
read      204.7   232.3    54.7   105.3   114.9   181.1   226.9   255.9   276.9   299.8   325.5   361.2   433.2   674.4  2526.7 123234.6   123314
read      202.5    94.9    54.7   104.0   113.3   180.2   227.3   256.6   277.1   299.1   323.6   357.7   424.5   576.5  2355.7 117232.4   116900
read      202.1    91.1    54.7   103.2   112.5   180.4   228.6   258.0   278.0   299.1   322.3   354.5   417.5   553.4  2260.9 111573.4   111580
read      203.6    99.8    54.7   106.1   115.6   180.2   224.9   253.9   275.3   298.9   325.6   362.5   435.4   601.9  2160.3 129153.4   129042
read      202.9    86.2    59.1   106.2   115.7   180.1   224.7   253.9   275.2   298.5   324.4   360.7   431.9   587.4  1491.8 129840.2   129909
read      228.9    98.8    54.7   120.8   134.1   206.3   247.5   275.3   297.7   323.9   356.8   404.5   514.2   706.3  1839.6 176590.4   176569
read      210.0    67.0    59.1   112.1   127.0   214.0   234.6   246.5   254.3   265.0   276.4   294.9   334.6   674.1  2028.4  18557.6    18561
read      225.9   100.3    54.7   104.7   115.4   209.2   264.0   293.5   313.5   335.4   361.3   398.4   469.9   579.8  1520.2  82845.8    82982
read      225.7    94.0    54.7   105.7   116.8   220.4   267.6   290.9   306.3   322.4   342.7   371.4   432.8   548.0  1628.3  53291.8    53156
read      230.1   137.1    54.7   109.8   119.9   190.3   242.7   278.9   305.0   334.6   374.9   471.3   737.9  1090.5  2716.9 141304.8   141177
read      214.0    70.9    54.7   110.8   124.5   218.3   242.7   255.6   265.4   275.1   289.9   311.1   353.0   671.4  1988.7  24550.6    24545
read      219.2    75.9    54.7   113.7   130.2   222.9   246.2   258.6   267.6   277.3   290.8   310.4   346.9   711.6  2039.9  17924.0    18002
read      274.4   174.3    50.7   111.6   123.5   225.4   300.5   342.3   376.0   423.4   489.2   595.7   861.8  1357.2  3467.7 131571.4   131807
read      228.6   113.2    54.7   108.7   120.5   228.3   268.4   287.8   300.9   315.9   335.1   363.7   424.2   547.0  4201.9  43202.0    43050
read      226.3    97.8    54.7   106.0   117.1   221.1   268.5   291.1   306.2   322.0   342.3   371.1   432.3   578.3  2749.6  51044.0    51137
read      274.3   163.0    54.7   119.4   132.9   225.2   293.5   336.8   370.4   416.3   480.5   586.1   842.6  1271.8  2327.1 163525.8   163650
read      219.6    97.7    54.7   104.6   115.1   210.4   260.2   283.5   298.7   315.8   337.0   368.0   434.3   542.6  1617.3  65965.8    66060
read      209.4    74.2    50.7   108.6   121.3   212.9   237.3   250.3   259.5   270.0   283.8   304.5   345.8   712.1  1696.9  22101.8    22129
read      209.1    65.1    59.1   110.3   124.3   213.0   235.5   248.1   256.4   267.0   279.1   297.2   339.3   672.3  1684.1  18960.4    18840
read      224.4    97.7    54.7   106.3   117.6   220.9   265.5   286.9   300.9   316.4   335.7   363.7   421.4   577.8  2369.9  48066.8    47897
read      256.5   148.1    59.1   111.9   124.7   225.7   287.9   321.8   346.7   378.4   423.2   499.1   688.6  1104.9  3449.1 132574.2   132763
read      208.5    70.4    54.7   108.5   121.3   212.4   235.5   248.5   257.3   268.3   281.8   301.9   344.4   701.7  1893.1  23238.0    23044
read      367.1   204.9    59.1   130.5   151.8   327.7   420.1   472.4   511.7   560.7   626.5   740.1  1007.5  1437.3  2679.2 171902.0   171915
read      205.7    68.4    59.1   109.0   122.4   209.1   231.1   243.1   251.6   262.3   274.4   294.7   338.0   676.3  2095.3  19540.8    19334
read      211.8    99.4    59.1   106.2   116.2   187.1   235.6   266.5   287.7   311.0   338.7   381.2   488.6   724.1  2237.2 125316.4   125579
read      217.1    96.8    50.7   108.3   120.3   220.7   250.5   265.8   275.8   288.8   304.4   327.9   376.9   509.0  3486.4  34403.2    34383
read      259.9   170.7    59.1   115.1   127.8   211.4   272.9   313.5   343.6   383.8   447.2   562.5   851.2  1347.0  4061.1 158836.8   159031
read      203.2    94.1    54.7   106.1   115.8   180.0   223.4   252.1   273.8   297.9   324.8   362.5   438.5   660.7  2287.6 134017.2   134136
read      214.2    89.5    50.7   114.4   126.2   192.2   231.8   259.4   281.0   306.3   336.5   379.3   469.6   626.7  1386.8 163866.6   164266
read      204.6    98.6    54.7   102.6   112.0   184.2   235.0   263.9   282.5   302.3   324.0   354.0   412.1   572.3  2551.3  99224.2    99195
read      220.9    94.0    54.7   106.0   116.9   217.3   261.0   281.9   295.5   311.6   330.8   359.6   420.3   535.1  2255.0  51488.6    51531
read      326.8   211.4    59.1   115.7   129.5   266.8   371.9   438.5   483.2   535.0   603.3   722.3   982.2  1475.4  3385.1 146795.8   146794
read      202.2    94.3    54.7   102.9   112.3   181.1   229.4   258.7   278.3   298.7   320.9   352.9   415.1   543.9  1846.1 108268.6   108372
read      202.2    96.0    54.7   103.0   112.3   180.8   229.3   258.9   278.5   299.2   321.6   353.5   415.1   539.6  1863.1 107878.8   107914
read      203.3    90.7    59.1   103.7   113.1   181.2   229.6   259.3   279.5   300.9   324.5   358.0   423.4   589.3  2249.4 111227.6   111421
read      210.4    92.6    50.7   103.6   113.6   198.6   250.3   274.1   288.8   304.3   321.0   345.3   395.6   513.3  1827.8  75156.8    75121
read      221.6    96.3    50.7   105.8   116.9   218.5   262.0   282.5   296.1   311.9   331.0   360.0   422.8   543.2  2529.8  52653.6    52675
read      210.5    97.8    54.7   105.7   115.7   186.7   235.3   266.0   287.1   310.0   337.0   375.8   468.5   668.2  2095.1 120696.6   120632
read      181.6   143.0    63.8   103.7   118.6   180.4   196.3   204.6   211.2   217.8   228.5   244.0   283.4   848.0  8237.6   7395.0     7372
read      255.9   161.4    54.7   113.9   125.7   206.6   268.8   309.6   339.4   379.3   446.0   561.4   836.2  1263.6  2820.4 152441.0   152583
read      203.2    97.8    54.7   102.7   112.1   182.5   232.4   261.9   281.0   300.8   322.0   351.4   407.8   530.8  2384.8 101429.0   101484
read      205.2    75.8    54.7   107.8   119.6   209.5   232.8   245.3   253.5   264.4   276.2   296.2   340.3   651.4  1886.7  23980.2    23959
read      317.8   206.7    59.1   115.0   128.3   254.7   355.7   422.0   469.6   523.7   592.7   711.4   970.5  1386.1  2764.4 146283.8   146209
read      209.4    88.5    54.7   104.2   114.2   197.0   248.9   272.7   287.2   302.2   318.7   343.0   392.7   547.7  2385.8  75367.8    75099
read      218.6    83.4    50.7   106.3   117.7   220.1   257.8   275.3   287.7   300.9   317.1   341.0   389.7   510.2  2132.6  39893.0    39946
read      216.5    87.6    59.1   106.1   117.1   217.5   254.5   272.2   284.4   296.9   313.5   337.1   385.9   523.7  2006.3  38860.8    38762
read      213.5    91.0    54.7   103.4   113.5   195.3   248.0   276.5   295.2   315.4   339.3   373.2   442.0   549.0  1400.1  92256.0    92506
read      220.4    98.5    54.7   117.7   129.9   197.8   236.9   265.3   287.3   313.1   344.1   390.7   492.8   686.8  2033.4 169990.4   169919
read      205.1    88.9    50.7   102.6   112.1   187.8   240.1   267.4   284.3   301.6   320.3   346.3   399.0   496.4  1989.6  88382.2    88331
read      224.7   195.8    54.7   118.8   131.2   200.8   241.1   269.1   291.1   317.0   348.3   396.4   503.9   746.4  3351.5 172309.4   172554
read      205.2    97.4    54.7   102.9   112.4   185.6   237.5   266.3   284.4   303.1   323.1   351.0   402.8   534.1  2827.0  94449.0    94380
read      209.1    96.5    54.7   112.3   123.0   186.5   226.2   253.3   274.5   299.8   329.2   369.8   456.4   599.2  3061.8 156953.4   157069
read      213.6    84.0    54.7   104.5   114.9   205.8   254.1   275.7   289.7   305.0   322.4   349.9   409.1   504.5  1140.5  64537.8    64426
read      208.6    73.8    54.7   106.5   118.4   212.8   239.8   253.5   263.5   273.7   288.4   309.5   350.9   475.1  1909.9  27048.4    27114
read      263.0   169.5    54.7   112.2   123.7   208.3   277.5   321.3   354.6   401.8   476.0   593.2   868.4  1268.7  2929.8 146469.4   146723
read      201.8    94.3    59.1   105.8   115.2   179.0   223.0   252.0   273.2   296.5   322.0   358.4   428.1   560.3  2253.0 129255.4   129322